route_id,service_id,trip_id,trip_headsign,trip_short_name,direction_id,block_id,shape_id,wheelchair_accessible,bikes_allowed
11693,301,2602999,PENN STATION,,0,7002,118298,1,1
11693,301,2603000,HUNT VALLEY,,0,7008,118299,1,1
11693,301,2603001,HUNT VALLEY,,0,7013,118299,1,1
11693,301,2603002,PENN STATION,,0,7009,118298,1,1
11693,301,2603003,NORTH AVE STATION,,0,7002,118291,1,1
11693,301,2603004,NORTH AVE STATION,,0,7009,118291,1,1
11693,301,2603005,PENN STATION,,0,7002,118298,1,1
11693,301,2603006,PENN STATION,,0,7009,118298,1,1
11693,301,2603007,PENN STATION,,0,7002,118298,1,1
11693,301,2603008,PENN STATION,,0,7009,118298,1,1
11693,301,2603009,PENN STATION,,0,7002,118298,1,1
11693,301,2603010,PENN STATION,,0,7009,118298,1,1
11693,301,2603011,PENN STATION,,0,7002,118298,1,1
11693,301,2603012,PENN STATION,,0,7009,118298,1,1
11693,301,2603013,PENN STATION,,0,7002,118298,1,1
11693,301,2603014,PENN STATION,,0,7009,118298,1,1
11693,301,2603015,PENN STATION,,0,7002,118298,1,1
11693,301,2603016,PENN STATION,,0,7009,118298,1,1
11693,301,2603017,PENN STATION,,0,7002,118298,1,1
11693,301,2603018,PENN STATION,,0,7009,118298,1,1
11693,301,2603019,PENN STATION,,0,7002,118298,1,1
11693,301,2603020,PENN STATION,,0,7009,118298,1,1
11693,301,2603021,PENN STATION,,0,7002,118298,1,1
11693,301,2603022,PENN STATION,,0,7009,118298,1,1
11693,301,2603023,PENN STATION,,0,7002,118298,1,1
11693,301,2603024,PENN STATION,,0,7009,118298,1,1
11693,301,2603025,PENN STATION,,0,7002,118298,1,1
11693,301,2603026,PENN STATION,,0,7009,118298,1,1
11693,301,2603027,PENN STATION,,0,7002,118298,1,1
11693,301,2603028,PENN STATION,,0,7009,118298,1,1
11693,301,2603029,PENN STATION,,0,7009,118298,1,1
11693,301,2603030,PENN STATION,,0,7002,118298,1,1
11693,301,2603031,PENN STATION,,0,7009,118298,1,1
11693,301,2603032,PENN STATION,,0,7002,118298,1,1
11693,301,2603033,PENN STATION,,0,7009,118298,1,1
11693,301,2603034,PENN STATION,,0,7002,118298,1,1
11693,301,2603035,PENN STATION,,0,7002,118298,1,1
11693,301,2603036,PENN STATION,,0,7009,118298,1,1
11693,301,2603037,PENN STATION,,0,7002,118298,1,1
11693,301,2603038,PENN STATION,,0,7009,118298,1,1
11693,301,2603039,PENN STATION,,0,7002,118298,1,1
11693,301,2603040,PENN STATION,,0,7009,118298,1,1
11693,301,2603041,PENN STATION,,0,7002,118298,1,1
11693,301,2603042,TIMONIUM FAIRGROUNDS,,0,7021,118295,1,1
11693,301,2603043,TIMONIUM FAIRGROUNDS,,0,7010,118295,1,1
11693,301,2603044,NORTH AVE STATION,,0,7004,118293,1,1
11693,301,2603045,NORTH AVE STATION,,0,7015,118293,1,1
11693,301,2603046,NORTH AVE STATION,,0,7007,118293,1,1
11693,301,2603047,NORTH AVE STATION,,0,7005,118293,1,1
11693,301,2603048,NORTH AVE STATION,,0,7003,118293,1,1
11693,301,2603049,NORTH AVE STATION,,0,7008,118290,1,1
11693,301,2603050,NORTH AVE STATION,,0,7018,118290,1,1
11693,301,2603051,NORTH AVE STATION,,0,7020,118291,1,1
11693,301,2603052,NORTH AVE STATION,,0,7013,118291,1,1
11693,301,2603053,NORTH AVE STATION,,0,7024,118293,1,1
11693,301,2603054,NORTH AVE STATION,,0,7012,118293,1,1
11693,301,2603055,NORTH AVE STATION,,0,7022,118293,1,1
11693,301,2603056,NORTH AVE STATION,,0,7019,118290,1,1
11693,301,2603057,NORTH AVE STATION,,0,7023,118290,1,1
11693,301,2603058,NORTH AVE STATION,,0,7016,118290,1,1
11693,301,2603059,HUNT VALLEY,,0,7006,118294,1,1
11693,301,2603060,HUNT VALLEY,,0,7020,118294,1,1
11693,301,2603061,HUNT VALLEY,,0,7014,118289,1,1
11693,301,2603062,HUNT VALLEY,,0,7001,118289,1,1
11693,301,2603063,HUNT VALLEY,,0,7013,118294,1,1
11693,301,2603064,HUNT VALLEY,,0,7024,118294,1,1
11693,301,2603065,HUNT VALLEY,,0,7012,118294,1,1
11693,301,2603066,HUNT VALLEY,,0,7022,118294,1,1
11693,301,2603067,HUNT VALLEY,,0,7006,118294,1,1
11693,301,2603068,HUNT VALLEY,,0,7020,118294,1,1
11693,301,2603069,HUNT VALLEY,,0,7013,118294,1,1
11693,301,2603070,HUNT VALLEY,,0,7017,118289,1,1
11693,301,2603071,HUNT VALLEY,,0,7019,118289,1,1
11693,301,2603072,HUNT VALLEY,,0,7023,118289,1,1
11693,301,2603073,HUNT VALLEY,,0,7016,118289,1,1
11693,301,2603074,HUNT VALLEY,,0,7014,118289,1,1
11693,301,2603075,HUNT VALLEY,,0,7001,118289,1,1
11693,301,2603076,HUNT VALLEY,,0,7017,118289,1,1
11693,301,2603077,HUNT VALLEY,,0,7019,118289,1,1
11693,301,2603078,HUNT VALLEY,,0,7023,118289,1,1
11693,301,2603079,HUNT VALLEY,,0,7016,118289,1,1
11693,301,2603080,HUNT VALLEY,,0,7014,118289,1,1
11693,301,2603081,HUNT VALLEY,,0,7001,118289,1,1
11693,301,2603082,HUNT VALLEY,,0,7024,118294,1,1
11693,301,2603083,HUNT VALLEY,,0,7012,118294,1,1
11693,301,2603084,HUNT VALLEY,,0,7022,118294,1,1
11693,301,2603085,HUNT VALLEY,,0,7006,118294,1,1
11693,301,2603086,HUNT VALLEY,,0,7020,118294,1,1
11693,301,2603087,TIMONIUM FAIRGROUNDS,,0,7023,118295,1,1
11693,301,2603088,TIMONIUM FAIRGROUNDS,,0,7016,118295,1,1
11693,301,2603089,TIMONIUM FAIRGROUNDS,,0,7014,118295,1,1
11693,301,2603090,TIMONIUM FAIRGROUNDS,,0,7021,118295,1,1
11693,301,2603091,HUNT VALLEY,,0,7013,118294,1,1
11693,301,2603092,TIMONIUM FAIRGROUNDS,,0,7008,118297,1,1
11693,301,2603093,HUNT VALLEY,,0,7017,118289,1,1
11693,301,2603094,HUNT VALLEY,,0,7024,118289,1,1
11693,301,2603095,HUNT VALLEY,,0,7019,118289,1,1
11693,301,2603096,HUNT VALLEY,,0,7004,118294,1,1
11693,301,2603097,HUNT VALLEY,,0,7012,118294,1,1
11693,301,2603098,HUNT VALLEY,,0,7022,118294,1,1
11693,301,2603099,HUNT VALLEY,,0,7005,118294,1,1
11693,301,2603100,HUNT VALLEY,,0,7006,118294,1,1
11693,301,2603101,HUNT VALLEY,,0,7020,118294,1,1
11693,301,2603102,TIMONIUM FAIRGROUNDS,,0,7010,118295,1,1
11693,301,2603103,HUNT VALLEY,,0,7001,118289,1,1
11693,301,2603104,HUNT VALLEY,,0,7006,118289,1,1
11693,301,2603105,HUNT VALLEY,,0,7005,118294,1,1
11693,301,2603106,HUNT VALLEY,,0,7012,118294,1,1
11693,301,2603107,HUNT VALLEY,,0,7014,118289,1,1
11693,301,2603108,HUNT VALLEY,,0,7016,118289,1,1
11693,301,2603109,HUNT VALLEY,,0,7019,118289,1,1
11693,301,2603110,HUNT VALLEY,,0,7004,118294,1,1
11693,301,2603111,HUNT VALLEY,,0,7017,118289,1,1
11693,301,2603112,HUNT VALLEY,,0,7008,118294,1,1
11693,301,2603113,HUNT VALLEY,,0,7017,118289,1,1
11693,301,2603114,HUNT VALLEY,,0,7019,118289,1,1
11693,301,2603115,HUNT VALLEY,,0,7016,118289,1,1
11693,301,2603116,HUNT VALLEY,,0,7014,118289,1,1
11693,301,2603117,HUNT VALLEY,,0,7010,118289,1,1
11693,301,2603118,HUNT VALLEY,,0,7001,118289,1,1
11693,301,2603119,HUNT VALLEY,,0,7013,118294,1,1
11693,301,2603120,HUNT VALLEY,,0,7008,118294,1,1
11693,301,2603121,HUNT VALLEY,,0,7004,118294,1,1
11693,301,2603122,HUNT VALLEY,,0,7012,118294,1,1
11693,301,2603123,HUNT VALLEY,,0,7005,118294,1,1
11693,301,2603124,HUNT VALLEY,,0,7006,118294,1,1
11693,301,2603125,HUNT VALLEY,,0,7013,118294,1,1
11693,301,2603126,TIMONIUM FAIRGROUNDS,,0,7011,118297,1,1
11693,301,2603127,HUNT VALLEY,,0,7003,118294,1,1
11693,301,2603128,HUNT VALLEY,,0,7013,118294,1,1
11693,301,2603129,HUNT VALLEY,,0,7008,118294,1,1
11693,301,2603130,HUNT VALLEY,,0,7004,118294,1,1
11693,301,2603131,HUNT VALLEY,,0,7015,118294,1,1
11693,301,2603132,HUNT VALLEY,,0,7012,118294,1,1
11693,301,2603133,HUNT VALLEY,,0,7007,118294,1,1
11693,301,2603134,HUNT VALLEY,,0,7005,118294,1,1
11693,301,2603135,HUNT VALLEY,,0,7010,118289,1,1
11693,301,2603136,HUNT VALLEY,,0,7001,118289,1,1
11693,301,2603137,TIMONIUM FAIRGROUNDS,,0,7017,118295,1,1
11693,301,2603138,TIMONIUM FAIRGROUNDS,,0,7019,118295,1,1
11693,301,2603139,TIMONIUM FAIRGROUNDS,,0,7018,118295,1,1
11693,301,2603140,TIMONIUM FAIRGROUNDS,,0,7016,118295,1,1
11693,301,2603141,TIMONIUM FAIRGROUNDS,,0,7014,118295,1,1
11693,301,2603142,TIMONIUM FAIRGROUNDS,,0,7010,118295,1,1
11693,301,2603143,TIMONIUM FAIRGROUNDS,,0,7006,118295,1,1
11693,301,2603144,TIMONIUM FAIRGROUNDS,,0,7001,118295,1,1
11693,301,2603145,TIMONIUM FAIRGROUNDS,,0,7017,118296,1,1
11693,301,2603146,HUNT VALLEY,,0,7011,118292,1,1
11693,301,2603147,HUNT VALLEY,,0,7003,118292,1,1
11693,301,2603149,BWI AIRPORT,,1,7015,118305,1,1
11693,301,2603150,BWI AIRPORT,,1,7004,118307,1,1
11693,301,2603151,BWI AIRPORT,,1,7008,118307,1,1
11693,301,2603152,CROMWELL STATION,,1,7006,118301,1,1
11693,301,2603153,CROMWELL STATION,,1,7010,118301,1,1
11693,301,2603154,CROMWELL STATION,,1,7014,118301,1,1
11693,301,2603155,CROMWELL STATION,,1,7016,118301,1,1
11693,301,2603156,CROMWELL STATION,,1,7018,118301,1,1
11693,301,2603157,CROMWELL STATION,,1,7019,118301,1,1
11693,301,2603158,NORTH AVE,,1,7021,118309,1,1
11693,301,2603159,NORTH AVE,,1,7010,118309,1,1
11693,301,2603160,CROMWELL STATION,,1,7010,118308,1,1
11693,301,2603161,NORTH AVE STATION,,1,7006,118302,1,1
11693,301,2603162,NORTH AVE STATION,,1,7014,118302,1,1
11693,301,2603163,NORTH AVE STATION,,1,7001,118302,1,1
11693,301,2603164,NORTH AVE STATION,,1,7017,118302,1,1
11693,301,2603165,CAMDEN STATION,,1,7020,118303,1,1
11693,301,2603166,CAMDEN STATION,,1,7013,118303,1,1
11693,301,2603167,BWI AIRPORT,,1,7024,118307,1,1
11693,301,2603168,BWI AIRPORT,,1,7012,118307,1,1
11693,301,2603169,BWI AIRPORT,,1,7022,118307,1,1
11693,301,2603170,BWI AIRPORT,,1,7006,118307,1,1
11693,301,2603171,BWI AIRPORT,,1,7013,118307,1,1
11693,301,2603172,CROMWELL STATION,,1,7017,118308,1,1
11693,301,2603173,BWI AIRPORT,,1,7012,118305,1,1
11693,301,2603174,BWI AIRPORT,,1,7007,118305,1,1
11693,301,2603175,BWI AIRPORT,,1,7005,118305,1,1
11693,301,2603177,BWI AIRPORT,,1,7020,118305,1,1
11693,301,2603178,BWI AIRPORT,,1,7022,118305,1,1
11693,301,2603179,CROMWELL STATION,,1,7024,118301,1,1
11693,301,2603180,CROMWELL STATION,,1,7021,118301,1,1
11693,301,2603181,CROMWELL STATION,,1,7023,118301,1,1
11693,301,2603182,BWI AIRPORT,,1,7005,118307,1,1
11693,301,2603183,CAMDEN STATION,,1,7011,118304,1,1
11693,301,2603184,CAMDEN YARDS,,1,7002,118310,1,1
11693,301,2603185,CAMDEN YARDS,,1,7009,118310,1,1
11693,301,2603186,CAMDEN YARDS,,1,7002,118310,1,1
11693,301,2603187,CAMDEN YARDS,,1,7009,118310,1,1
11693,301,2603188,CAMDEN YARDS,,1,7002,118310,1,1
11693,301,2603189,CAMDEN YARDS,,1,7009,118310,1,1
11693,301,2603190,CAMDEN YARDS,,1,7002,118310,1,1
11693,301,2603191,CAMDEN YARDS,,1,7009,118310,1,1
11693,301,2603192,CAMDEN YARDS,,1,7002,118310,1,1
11693,301,2603193,CAMDEN YARDS,,1,7009,118310,1,1
11693,301,2603194,CAMDEN YARDS,,1,7002,118310,1,1
11693,301,2603195,CAMDEN YARDS,,1,7009,118310,1,1
11693,301,2603196,CAMDEN YARDS,,1,7002,118310,1,1
11693,301,2603197,CAMDEN YARDS,,1,7009,118310,1,1
11693,301,2603198,CAMDEN YARDS,,1,7002,118310,1,1
11693,301,2603199,CAMDEN YARDS,,1,7009,118310,1,1
11693,301,2603200,CAMDEN YARDS,,1,7002,118310,1,1
11693,301,2603201,CAMDEN YARDS,,1,7009,118310,1,1
11693,301,2603202,CAMDEN YARDS,,1,7002,118310,1,1
11693,301,2603203,CAMDEN YARDS,,1,7009,118310,1,1
11693,301,2603204,CAMDEN YARDS,,1,7002,118310,1,1
11693,301,2603205,CAMDEN YARDS,,1,7009,118310,1,1
11693,301,2603206,CAMDEN YARDS,,1,7002,118310,1,1
11693,301,2603207,CAMDEN YARDS,,1,7009,118310,1,1
11693,301,2603208,CAMDEN YARDS,,1,7002,118310,1,1
11693,301,2603209,CAMDEN YARDS,,1,7009,118310,1,1
11693,301,2603210,CAMDEN YARDS,,1,7002,118310,1,1
11693,301,2603211,CAMDEN YARDS,,1,7009,118310,1,1
11693,301,2603212,CAMDEN YARDS,,1,7002,118310,1,1
11693,301,2603213,CAMDEN YARDS,,1,7009,118310,1,1
11693,301,2603214,CAMDEN YARDS,,1,7002,118310,1,1
11693,301,2603215,CAMDEN YARDS,,1,7009,118310,1,1
11693,301,2603216,CAMDEN YARDS,,1,7002,118310,1,1
11693,301,2603217,CAMDEN YARDS,,1,7009,118310,1,1
11693,301,2603218,CAMDEN YARDS,,1,7002,118310,1,1
11693,301,2603219,CAMDEN YARDS,,1,7009,118310,1,1
11693,301,2603220,CAMDEN YARDS,,1,7002,118310,1,1
11693,301,2603221,CAMDEN YARDS,,1,7009,118310,1,1
11693,301,2603222,CAMDEN YARDS,,1,7002,118310,1,1
11693,301,2603223,CAMDEN YARDS,,1,7003,118310,1,1
11693,301,2603224,PENN STATION,,1,7003,118306,1,1
11693,301,2603225,CAMDEN STATION,,1,7002,118304,1,1
11693,301,2603226,CAMDEN STATION,,1,7009,118304,1,1
11693,301,2603227,BWI AIRPORT,,1,7003,118307,1,1
11693,301,2603228,BWI AIRPORT,,1,7011,118307,1,1
11693,301,2603229,BWI AIRPORT,,1,7005,118307,1,1
11693,301,2603230,BWI AIRPORT,,1,7007,118307,1,1
11693,301,2603231,BWI AIRPORT,,1,7012,118307,1,1
11693,301,2603232,BWI AIRPORT,,1,7015,118307,1,1
11693,301,2603233,BWI AIRPORT,,1,7004,118307,1,1
11693,301,2603234,BWI AIRPORT,,1,7008,118307,1,1
11693,301,2603235,BWI AIRPORT,,1,7013,118307,1,1
11693,301,2603236,CROMWELL STATION,,1,7001,118311,1,1
11693,301,2603237,CROMWELL STATION,,1,7010,118311,1,1
11693,301,2603238,CROMWELL STATION,,1,7014,118311,1,1
11693,301,2603239,CROMWELL STATION,,1,7016,118311,1,1
11693,301,2603240,CROMWELL STATION,,1,7019,118311,1,1
11693,301,2603241,CROMWELL STATION,,1,7017,118311,1,1
11693,301,2603242,CROMWELL STATION,,1,7001,118311,1,1
11693,301,2603243,CROMWELL STATION,,1,7010,118311,1,1
11693,301,2603244,CROMWELL STATION,,1,7014,118311,1,1
11693,301,2603245,CROMWELL STATION,,1,7017,118308,1,1
11693,301,2603246,BWI AIRPORT,,1,7003,118307,1,1
11693,301,2603247,BWI AIRPORT,,1,7006,118307,1,1
11693,301,2603248,BWI AIRPORT,,1,7005,118307,1,1
11693,301,2603249,BWI AIRPORT,,1,7012,118307,1,1
11693,301,2603250,BWI AIRPORT,,1,7004,118307,1,1
11693,301,2603251,BWI AIRPORT,,1,7008,118307,1,1
11693,301,2603252,BWI AIRPORT,,1,7013,118307,1,1
11693,301,2603253,BWI AIRPORT,,1,7006,118307,1,1
11693,301,2603254,CROMWELL STATION,,1,7001,118308,1,1
11693,301,2603255,CROMWELL STATION,,1,7006,118308,1,1
11693,301,2603256,CROMWELL STATION,,1,7010,118308,1,1
11693,301,2603257,CROMWELL STATION,,1,7014,118308,1,1
11693,301,2603258,CROMWELL STATION,,1,7016,118308,1,1
11693,301,2603259,CROMWELL STATION,,1,7018,118308,1,1
11693,301,2603260,CROMWELL STATION,,1,7019,118308,1,1
11693,301,2603261,NORTH AVE,,1,7011,118309,1,1
11693,301,2603262,BWI AIRPORT,,1,7012,118307,1,1
11693,301,2603263,BWI AIRPORT,,1,7004,118307,1,1
11693,301,2603264,BWI AIRPORT,,1,7008,118307,1,1
11693,301,2603265,BWI AIRPORT,,1,7013,118307,1,1
11693,301,2603266,CROMWELL STATION,,1,7016,118311,1,1
11693,301,2603267,CROMWELL STATION,,1,7019,118311,1,1
11693,301,2603268,CROMWELL STATION,,1,7017,118311,1,1
11693,301,2603269,BWI AIRPORT,,1,7020,118307,1,1
11693,301,2603270,BWI AIRPORT,,1,7020,118307,1,1
11693,301,2603271,BWI AIRPORT,,1,7013,118307,1,1
11693,301,2603272,BWI AIRPORT,,1,7024,118307,1,1
11693,301,2603273,BWI AIRPORT,,1,7012,118307,1,1
11693,301,2603274,CROMWELL STATION,,1,7019,118311,1,1
11693,301,2603275,CROMWELL STATION,,1,7023,118311,1,1
11693,301,2603276,CROMWELL STATION,,1,7016,118311,1,1
11693,301,2603277,CROMWELL STATION,,1,7014,118311,1,1
11693,301,2603278,CROMWELL STATION,,1,7001,118311,1,1
11693,301,2603279,CROMWELL STATION,,1,7017,118311,1,1
11693,301,2603280,CROMWELL STATION,,1,7019,118311,1,1
11693,301,2603281,CROMWELL STATION,,1,7023,118311,1,1
11693,301,2603282,CROMWELL STATION,,1,7016,118311,1,1
11693,301,2603283,CROMWELL STATION,,1,7014,118311,1,1
11693,301,2603284,CROMWELL STATION,,1,7001,118311,1,1
11693,301,2603285,CROMWELL STATION,,1,7017,118311,1,1
11693,301,2603286,BWI AIRPORT,,1,7022,118307,1,1
11693,301,2603287,BWI AIRPORT,,1,7006,118307,1,1
11693,301,2603288,BWI AIRPORT,,1,7020,118307,1,1
11693,301,2603289,BWI AIRPORT,,1,7013,118307,1,1
11693,301,2603290,CROMWELL STATION,,1,7008,118308,1,1
11693,301,2603291,CROMWELL STATION,,1,7023,118308,1,1
11693,301,2603292,CROMWELL STATION,,1,7016,118308,1,1
11693,301,2603293,BWI AIRPORT,,1,7024,118307,1,1
11693,301,2603294,CROMWELL STATION,,1,7019,118311,1,1
11693,301,2603295,BWI AIRPORT,,1,7004,118307,1,1
11693,301,2603296,BWI AIRPORT,,1,7012,118307,1,1
11693,301,2603297,BWI AIRPORT,,1,7022,118307,1,1
11693,301,2603298,CROMWELL STATION,,1,7014,118308,1,1
11693,301,2603299,CROMWELL STATION,,1,7021,118308,1,1
11693,301,2603300,CROMWELL STATION,,1,7001,118311,1,1
11693,301,2603301,BWI AIRPORT,,1,7005,118307,1,1
11693,301,2603302,BWI AIRPORT,,1,7006,118307,1,1
11693,302,2560600,HUNT VALLEY,,0,7002,118294,1,1
11693,302,2560601,HUNT VALLEY,,0,7009,118294,1,1
11693,302,2560602,HUNT VALLEY,,0,7014,118294,1,1
11693,302,2560603,HUNT VALLEY,,0,7012,118294,1,1
11693,302,2560604,HUNT VALLEY,,0,7008,118294,1,1
11693,302,2560605,HUNT VALLEY,,0,7004,118294,1,1
11693,302,2560606,HUNT VALLEY,,0,7002,118294,1,1
11693,302,2560607,HUNT VALLEY,,0,7009,118294,1,1
11693,302,2560608,HUNT VALLEY,,0,7014,118294,1,1
11693,302,2560609,HUNT VALLEY,,0,7012,118294,1,1
11693,302,2560610,HUNT VALLEY,,0,7008,118294,1,1
11693,302,2560611,HUNT VALLEY,,0,7004,118294,1,1
11693,302,2560612,HUNT VALLEY,,0,7002,118294,1,1
11693,302,2560613,HUNT VALLEY,,0,7009,118294,1,1
11693,302,2560614,HUNT VALLEY,,0,7014,118294,1,1
11693,302,2560615,HUNT VALLEY,,0,7012,118294,1,1
11693,302,2560616,HUNT VALLEY,,0,7008,118294,1,1
11693,302,2560617,HUNT VALLEY,,0,7004,118294,1,1
11693,302,2560618,HUNT VALLEY,,0,7002,118294,1,1
11693,302,2560619,NORTH AVE STATION,,0,7011,118290,1,1
11693,302,2560620,NORTH AVE STATION,,0,7007,118290,1,1
11693,302,2560621,NORTH AVE STATION,,0,7003,118290,1,1
11693,302,2560622,HUNT VALLEY,,0,7001,118289,1,1
11693,302,2560623,PENN STATION,,0,7010,118298,1,1
11693,302,2560624,PENN STATION,,0,7006,118298,1,1
11693,302,2560625,PENN STATION,,0,7010,118298,1,1
11693,302,2560626,PENN STATION,,0,7006,118298,1,1
11693,302,2560627,PENN STATION,,0,7010,118298,1,1
11693,302,2560628,PENN STATION,,0,7006,118298,1,1
11693,302,2560629,PENN STATION,,0,7010,118298,1,1
11693,302,2560630,PENN STATION,,0,7006,118298,1,1
11693,302,2560631,PENN STATION,,0,7010,118298,1,1
11693,302,2560632,PENN STATION,,0,7006,118298,1,1
11693,302,2560633,PENN STATION,,0,7010,118298,1,1
11693,302,2560634,PENN STATION,,0,7006,118298,1,1
11693,302,2560635,PENN STATION,,0,7010,118298,1,1
11693,302,2560636,PENN STATION,,0,7006,118298,1,1
11693,302,2560637,PENN STATION,,0,7010,118298,1,1
11693,302,2560638,PENN STATION,,0,7006,118298,1,1
11693,302,2560639,PENN STATION,,0,7010,118298,1,1
11693,302,2560640,PENN STATION,,0,7006,118298,1,1
11693,302,2560641,PENN STATION,,0,7010,118298,1,1
11693,302,2560642,PENN STATION,,0,7006,118298,1,1
11693,302,2560643,PENN STATION,,0,7010,118298,1,1
11693,302,2560644,PENN STATION,,0,7006,118298,1,1
11693,302,2560645,PENN STATION,,0,7010,118298,1,1
11693,302,2560646,PENN STATION,,0,7006,118298,1,1
11693,302,2560647,PENN STATION,,0,7010,118298,1,1
11693,302,2560648,PENN STATION,,0,7006,118298,1,1
11693,302,2560649,HUNT VALLEY,,0,7009,118299,1,1
11693,302,2560651,NORTH AVE STATION,,0,7012,118293,1,1
11693,302,2560652,NORTH AVE STATION,,0,7008,118293,1,1
11693,302,2560653,NORTH AVE STATION,,0,7004,118293,1,1
11693,302,2560654,HUNT VALLEY,,0,7002,118294,1,1
11693,302,2560655,HUNT VALLEY,,0,7009,118294,1,1
11693,302,2560656,HUNT VALLEY,,0,7014,118294,1,1
11693,302,2560657,HUNT VALLEY,,0,7012,118294,1,1
11693,302,2560658,HUNT VALLEY,,0,7008,118294,1,1
11693,302,2560659,HUNT VALLEY,,0,7004,118294,1,1
11693,302,2560660,HUNT VALLEY,,0,7002,118294,1,1
11693,302,2560661,HUNT VALLEY,,0,7009,118294,1,1
11693,302,2560662,HUNT VALLEY,,0,7014,118294,1,1
11693,302,2560663,HUNT VALLEY,,0,7005,118289,1,1
11693,302,2560664,HUNT VALLEY,,0,7013,118289,1,1
11693,302,2560665,HUNT VALLEY,,0,7011,118289,1,1
11693,302,2560666,HUNT VALLEY,,0,7007,118289,1,1
11693,302,2560667,HUNT VALLEY,,0,7003,118289,1,1
11693,302,2560668,HUNT VALLEY,,0,7001,118289,1,1
11693,302,2560669,HUNT VALLEY,,0,7005,118289,1,1
11693,302,2560670,HUNT VALLEY,,0,7013,118289,1,1
11693,302,2560671,HUNT VALLEY,,0,7011,118289,1,1
11693,302,2560672,HUNT VALLEY,,0,7007,118289,1,1
11693,302,2560673,HUNT VALLEY,,0,7003,118289,1,1
11693,302,2560674,HUNT VALLEY,,0,7001,118289,1,1
11693,302,2560675,HUNT VALLEY,,0,7005,118289,1,1
11693,302,2560676,HUNT VALLEY,,0,7013,118289,1,1
11693,302,2560677,HUNT VALLEY,,0,7011,118289,1,1
11693,302,2560678,HUNT VALLEY,,0,7007,118289,1,1
11693,302,2560679,HUNT VALLEY,,0,7003,118289,1,1
11693,302,2560680,HUNT VALLEY,,0,7001,118289,1,1
11693,302,2560681,HUNT VALLEY,,0,7005,118289,1,1
11693,302,2560682,HUNT VALLEY,,0,7013,118289,1,1
11693,302,2560683,HUNT VALLEY,,0,7011,118289,1,1
11693,302,2560684,HUNT VALLEY,,0,7007,118289,1,1
11693,302,2560685,HUNT VALLEY,,0,7005,118289,1,1
11693,302,2560686,HUNT VALLEY,,0,7013,118289,1,1
11693,302,2560687,HUNT VALLEY,,0,7011,118289,1,1
11693,302,2560688,HUNT VALLEY,,0,7007,118289,1,1
11693,302,2560689,HUNT VALLEY,,0,7003,118289,1,1
11693,302,2560690,HUNT VALLEY,,0,7001,118289,1,1
11693,302,2560691,HUNT VALLEY,,0,7005,118289,1,1
11693,302,2560692,HUNT VALLEY,,0,7013,118289,1,1
11693,302,2560693,HUNT VALLEY,,0,7011,118289,1,1
11693,302,2560694,HUNT VALLEY,,0,7007,118289,1,1
11693,302,2560695,HUNT VALLEY,,0,7003,118289,1,1
11693,302,2560696,HUNT VALLEY,,0,7001,118289,1,1
11693,302,2560697,NORTH AVE STATION,,0,7010,118291,1,1
11693,302,2560698,NORTH AVE STATION,,0,7006,118291,1,1
11693,302,2560699,PENN STATION,,0,7010,118298,1,1
11693,302,2560700,PENN STATION,,0,7006,118298,1,1
11693,302,2560701,PENN STATION,,0,7010,118298,1,1
11693,302,2560702,PENN STATION,,0,7006,118298,1,1
11693,302,2560703,PENN STATION,,0,7010,118298,1,1
11693,302,2560704,PENN STATION,,0,7006,118298,1,1
11693,302,2560705,PENN STATION,,0,7010,118298,1,1
11693,302,2560706,PENN STATION,,0,7006,118298,1,1
11693,302,2560707,PENN STATION,,0,7010,118298,1,1
11693,302,2560708,PENN STATION,,0,7006,118298,1,1
11693,302,2560709,HUNT VALLEY,,0,7003,118289,1,1
11693,302,2560710,HUNT VALLEY,,0,7001,118289,1,1
11693,302,2560711,HUNT VALLEY,,0,7012,118294,1,1
11693,302,2560712,HUNT VALLEY,,0,7008,118294,1,1
11693,302,2560713,HUNT VALLEY,,0,7004,118294,1,1
11693,302,2560714,HUNT VALLEY,,0,7002,118294,1,1
11693,302,2560715,HUNT VALLEY,,0,7009,118294,1,1
11693,302,2560716,HUNT VALLEY,,0,7014,118294,1,1
11693,302,2560717,HUNT VALLEY,,0,7012,118294,1,1
11693,302,2560718,HUNT VALLEY,,0,7008,118294,1,1
11693,302,2560719,HUNT VALLEY,,0,7004,118294,1,1
11693,302,2560720,CAMDEN YARDS,,1,7006,118310,1,1
11693,302,2560721,CAMDEN YARDS,,1,7010,118310,1,1
11693,302,2560722,CAMDEN YARDS,,1,7006,118310,1,1
11693,302,2560723,CAMDEN YARDS,,1,7010,118310,1,1
11693,302,2560724,CAMDEN YARDS,,1,7006,118310,1,1
11693,302,2560725,CAMDEN YARDS,,1,7010,118310,1,1
11693,302,2560726,CAMDEN YARDS,,1,7006,118310,1,1
11693,302,2560727,CAMDEN YARDS,,1,7010,118310,1,1
11693,302,2560728,CAMDEN YARDS,,1,7006,118310,1,1
11693,302,2560729,CAMDEN YARDS,,1,7010,118310,1,1
11693,302,2560730,CAMDEN YARDS,,1,7006,118310,1,1
11693,302,2560731,CROMWELL STATION,,1,7013,118311,1,1
11693,302,2560732,CROMWELL STATION,,1,7011,118311,1,1
11693,302,2560733,CROMWELL STATION,,1,7007,118311,1,1
11693,302,2560734,CROMWELL STATION,,1,7003,118311,1,1
11693,302,2560735,CROMWELL STATION,,1,7001,118311,1,1
11693,302,2560736,CROMWELL STATION,,1,7005,118311,1,1
11693,302,2560737,CROMWELL STATION,,1,7013,118311,1,1
11693,302,2560738,CROMWELL STATION,,1,7011,118311,1,1
11693,302,2560739,CROMWELL STATION,,1,7007,118311,1,1
11693,302,2560740,CROMWELL STATION,,1,7003,118311,1,1
11693,302,2560741,CAMDEN YARDS,,1,7010,118310,1,1
11693,302,2560742,CAMDEN YARDS,,1,7006,118310,1,1
11693,302,2560743,CAMDEN YARDS,,1,7010,118310,1,1
11693,302,2560744,CAMDEN YARDS,,1,7006,118310,1,1
11693,302,2560745,CAMDEN YARDS,,1,7010,118310,1,1
11693,302,2560746,CAMDEN YARDS,,1,7006,118310,1,1
11693,302,2560747,CAMDEN YARDS,,1,7010,118310,1,1
11693,302,2560748,CAMDEN YARDS,,1,7006,118310,1,1
11693,302,2560749,CAMDEN YARDS,,1,7010,118310,1,1
11693,302,2560750,CROMWELL STATION,,1,7003,118311,1,1
11693,302,2560751,CROMWELL STATION,,1,7001,118311,1,1
11693,302,2560752,CROMWELL STATION,,1,7005,118311,1,1
11693,302,2560753,CROMWELL STATION,,1,7013,118311,1,1
11693,302,2560754,CROMWELL STATION,,1,7011,118311,1,1
11693,302,2560755,CROMWELL STATION,,1,7007,118311,1,1
11693,302,2560756,CROMWELL STATION,,1,7003,118311,1,1
11693,302,2560757,CROMWELL STATION,,1,7001,118311,1,1
11693,302,2560758,CROMWELL STATION,,1,7005,118311,1,1
11693,302,2560759,CROMWELL STATION,,1,7013,118311,1,1
11693,302,2560760,CROMWELL STATION,,1,7011,118311,1,1
11693,302,2560761,CROMWELL STATION,,1,7007,118311,1,1
11693,302,2560762,CROMWELL STATION,,1,7003,118311,1,1
11693,302,2560763,CROMWELL STATION,,1,7001,118311,1,1
11693,302,2560764,CROMWELL STATION,,1,7005,118311,1,1
11693,302,2560765,CROMWELL STATION,,1,7013,118311,1,1
11693,302,2560766,CROMWELL STATION,,1,7011,118311,1,1
11693,302,2560767,CROMWELL STATION,,1,7007,118311,1,1
11693,302,2560768,CROMWELL STATION,,1,7003,118311,1,1
11693,302,2560769,CROMWELL STATION,,1,7001,118311,1,1
11693,302,2560770,CROMWELL STATION,,1,7005,118311,1,1
11693,302,2560771,CAMDEN YARDS,,1,7010,118310,1,1
11693,302,2560772,CAMDEN YARDS,,1,7006,118310,1,1
11693,302,2560773,CAMDEN YARDS,,1,7010,118310,1,1
11693,302,2560774,CAMDEN YARDS,,1,7006,118310,1,1
11693,302,2560775,CAMDEN YARDS,,1,7010,118310,1,1
11693,302,2560776,CAMDEN YARDS,,1,7006,118310,1,1
11693,302,2560777,CAMDEN YARDS,,1,7010,118310,1,1
11693,302,2560778,CAMDEN YARDS,,1,7006,118310,1,1
11693,302,2560780,CROMWELL STATION,,1,7013,118301,1,1
11693,302,2560781,CROMWELL STATION,,1,7011,118301,1,1
11693,302,2560782,CROMWELL STATION,,1,7007,118301,1,1
11693,302,2560783,CROMWELL STATION,,1,7003,118301,1,1
11693,302,2560784,BWI AIRPORT,,1,7014,118305,1,1
11693,302,2560785,BWI AIRPORT,,1,7012,118305,1,1
11693,302,2560786,BWI AIRPORT,,1,7008,118305,1,1
11693,302,2560787,BWI AIRPORT,,1,7004,118305,1,1
11693,302,2560788,BWI AIRPORT,,1,7002,118305,1,1
11693,302,2560789,NORTH AVE STATION,,1,7002,118302,1,1
11693,302,2560790,NORTH AVE STATION,,1,7009,118302,1,1
11693,302,2560791,NORTH AVE STATION,,1,7014,118302,1,1
11693,302,2560792,BWI AIRPORT,,1,7012,118307,1,1
11693,302,2560793,BWI AIRPORT,,1,7008,118307,1,1
11693,302,2560794,BWI AIRPORT,,1,7004,118307,1,1
11693,302,2560795,BWI AIRPORT,,1,7002,118307,1,1
11693,302,2560796,BWI AIRPORT,,1,7009,118307,1,1
11693,302,2560797,BWI AIRPORT,,1,7014,118307,1,1
11693,302,2560798,BWI AIRPORT,,1,7012,118307,1,1
11693,302,2560799,BWI AIRPORT,,1,7008,118307,1,1
11693,302,2560800,BWI AIRPORT,,1,7004,118307,1,1
11693,302,2560801,BWI AIRPORT,,1,7009,118307,1,1
11693,302,2560802,BWI AIRPORT,,1,7014,118307,1,1
11693,302,2560803,BWI AIRPORT,,1,7012,118307,1,1
11693,302,2560804,BWI AIRPORT,,1,7008,118307,1,1
11693,302,2560805,BWI AIRPORT,,1,7004,118307,1,1
11693,302,2560806,BWI AIRPORT,,1,7002,118307,1,1
11693,302,2560807,BWI AIRPORT,,1,7009,118307,1,1
11693,302,2560808,BWI AIRPORT,,1,7014,118307,1,1
11693,302,2560809,CROMWELL STATION,,1,7001,118311,1,1
11693,302,2560810,CROMWELL STATION,,1,7005,118311,1,1
11693,302,2560811,PENN STATION,,1,7010,118306,1,1
11693,302,2560812,PENN STATION,,1,7006,118306,1,1
11693,302,2560813,CAMDEN YARDS,,1,7010,118310,1,1
11693,302,2560814,CAMDEN YARDS,,1,7006,118310,1,1
11693,302,2560815,CAMDEN YARDS,,1,7010,118310,1,1
11693,302,2560816,CAMDEN YARDS,,1,7006,118310,1,1
11693,302,2560817,CAMDEN YARDS,,1,7010,118310,1,1
11693,302,2560818,CAMDEN YARDS,,1,7006,118310,1,1
11693,302,2560819,CAMDEN YARDS,,1,7010,118310,1,1
11693,302,2560820,CAMDEN YARDS,,1,7006,118310,1,1
11693,302,2560821,BWI AIRPORT,,1,7012,118307,1,1
11693,302,2560822,BWI AIRPORT,,1,7008,118307,1,1
11693,302,2560823,BWI AIRPORT,,1,7004,118307,1,1
11693,302,2560824,BWI AIRPORT,,1,7002,118307,1,1
11693,302,2560825,BWI AIRPORT,,1,7009,118307,1,1
11693,302,2560826,NORTH AVE STATION,,1,7001,118302,1,1
11693,302,2560827,NORTH AVE STATION,,1,7005,118302,1,1
11693,302,2560828,NORTH AVE STATION,,1,7013,118302,1,1
11693,302,2560829,CROMWELL STATION,,1,7011,118311,1,1
11693,302,2560830,CROMWELL STATION,,1,7007,118311,1,1
11693,302,2560831,CAMDEN YARDS,,1,7010,118310,1,1
11693,302,2560832,CAMDEN YARDS,,1,7006,118310,1,1
11693,302,2560833,BWI AIRPORT,,1,7002,118307,1,1
11693,302,2560834,BWI AIRPORT,,1,7009,118307,1,1
11693,302,2560835,BWI AIRPORT,,1,7014,118307,1,1
11693,302,2560836,BWI AIRPORT,,1,7012,118307,1,1
11693,302,2560837,BWI AIRPORT,,1,7008,118307,1,1
11693,302,2560838,BWI AIRPORT,,1,7004,118307,1,1
11693,302,2560839,BWI AIRPORT,,1,7002,118307,1,1
11693,302,2560840,BWI AIRPORT,,1,7009,118307,1,1
11693,302,2560841,BWI AIRPORT,,1,7014,118307,1,1
11693,302,2560842,BWI AIRPORT,,1,7012,118307,1,1
11693,302,2560843,BWI AIRPORT,,1,7008,118307,1,1
11693,302,2560844,BWI AIRPORT,,1,7004,118307,1,1
11693,302,2560845,BWI AIRPORT,,1,7002,118307,1,1
11693,303,2560846,NORTH AVE STATION,,0,7011,118291,1,1
11693,303,2560847,NORTH AVE STATION,,0,7006,118291,1,1
11693,303,2560848,PENN STATION,,0,7011,118298,1,1
11693,303,2560849,PENN STATION,,0,7006,118298,1,1
11693,303,2560850,PENN STATION,,0,7011,118298,1,1
11693,303,2560851,PENN STATION,,0,7006,118298,1,1
11693,303,2560852,PENN STATION,,0,7011,118298,1,1
11693,303,2560853,PENN STATION,,0,7006,118298,1,1
11693,303,2560854,PENN STATION,,0,7011,118298,1,1
11693,303,2560855,PENN STATION,,0,7006,118298,1,1
11693,303,2560856,PENN STATION,,0,7011,118298,1,1
11693,303,2560857,PENN STATION,,0,7006,118298,1,1
11693,303,2560858,PENN STATION,,0,7011,118298,1,1
11693,303,2560859,PENN STATION,,0,7006,118298,1,1
11693,303,2560860,PENN STATION,,0,7011,118298,1,1
11693,303,2560861,PENN STATION,,0,7006,118298,1,1
11693,303,2560862,PENN STATION,,0,7011,118298,1,1
11693,303,2560863,PENN STATION,,0,7006,118298,1,1
11693,303,2560864,PENN STATION,,0,7011,118298,1,1
11693,303,2560865,PENN STATION,,0,7006,118298,1,1
11693,303,2560866,PENN STATION,,0,7011,118298,1,1
11693,303,2560867,PENN STATION,,0,7006,118298,1,1
11693,303,2560868,NORTH AVE STATION,,0,7005,118291,1,1
11693,303,2560869,NORTH AVE STATION,,0,7014,118293,1,1
11693,303,2560870,NORTH AVE STATION,,0,7010,118293,1,1
11693,303,2560871,HUNT VALLEY,,0,7004,118294,1,1
11693,303,2560872,HUNT VALLEY,,0,7009,118294,1,1
11693,303,2560873,HUNT VALLEY,,0,7003,118294,1,1
11693,303,2560874,HUNT VALLEY,,0,7005,118294,1,1
11693,303,2560875,HUNT VALLEY,,0,7014,118294,1,1
11693,303,2560876,HUNT VALLEY,,0,7010,118294,1,1
11693,303,2560877,HUNT VALLEY,,0,7004,118294,1,1
11693,303,2560878,HUNT VALLEY,,0,7009,118294,1,1
11693,303,2560879,HUNT VALLEY,,0,7003,118294,1,1
11693,303,2560880,HUNT VALLEY,,0,7005,118294,1,1
11693,303,2560881,HUNT VALLEY,,0,7014,118294,1,1
11693,303,2560882,HUNT VALLEY,,0,7010,118294,1,1
11693,303,2560883,HUNT VALLEY,,0,7004,118294,1,1
11693,303,2560884,HUNT VALLEY,,0,7009,118294,1,1
11693,303,2560885,HUNT VALLEY,,0,7003,118294,1,1
11693,303,2560886,HUNT VALLEY,,0,7005,118294,1,1
11693,303,2560887,HUNT VALLEY,,0,7014,118294,1,1
11693,303,2560888,HUNT VALLEY,,0,7010,118294,1,1
11693,303,2560889,HUNT VALLEY,,0,7004,118294,1,1
11693,303,2560890,NORTH AVE STATION,,0,7002,118290,1,1
11693,303,2560891,NORTH AVE STATION,,0,7012,118290,1,1
11693,303,2560892,HUNT VALLEY,,0,7007,118289,1,1
11693,303,2560893,HUNT VALLEY,,0,7001,118289,1,1
11693,303,2560894,HUNT VALLEY,,0,7013,118289,1,1
11693,303,2560895,HUNT VALLEY,,0,7008,118289,1,1
11693,303,2560896,HUNT VALLEY,,0,7002,118289,1,1
11693,303,2560897,HUNT VALLEY,,0,7012,118289,1,1
11693,303,2560898,HUNT VALLEY,,0,7007,118289,1,1
11693,303,2560899,HUNT VALLEY,,0,7001,118289,1,1
11693,303,2560900,HUNT VALLEY,,0,7013,118289,1,1
11693,303,2560901,HUNT VALLEY,,0,7008,118289,1,1
11693,303,2560902,HUNT VALLEY,,0,7002,118289,1,1
11693,303,2560903,HUNT VALLEY,,0,7012,118289,1,1
11693,303,2560904,HUNT VALLEY,,0,7007,118289,1,1
11693,303,2560905,HUNT VALLEY,,0,7001,118289,1,1
11693,303,2560906,HUNT VALLEY,,0,7013,118289,1,1
11693,303,2560907,HUNT VALLEY,,0,7008,118289,1,1
11693,303,2560908,HUNT VALLEY,,0,7002,118289,1,1
11693,303,2560909,HUNT VALLEY,,0,7012,118289,1,1
11693,303,2560910,HUNT VALLEY,,0,7007,118289,1,1
11693,303,2560911,HUNT VALLEY,,0,7001,118289,1,1
11693,303,2560912,HUNT VALLEY,,0,7009,118292,1,1
11693,303,2560913,HUNT VALLEY,,0,7003,118292,1,1
11693,303,2560914,HUNT VALLEY,,0,7013,118299,1,1
11693,303,2560915,HUNT VALLEY,,0,7008,118299,1,1
11693,303,2560916,HUNT VALLEY,,0,7005,118299,1,1
11693,303,2560918,CAMDEN YARDS,,1,7011,118310,1,1
11693,303,2560919,CAMDEN YARDS,,1,7006,118310,1,1
11693,303,2560920,CAMDEN YARDS,,1,7011,118310,1,1
11693,303,2560921,CAMDEN YARDS,,1,7006,118310,1,1
11693,303,2560922,CAMDEN YARDS,,1,7011,118310,1,1
11693,303,2560923,CAMDEN YARDS,,1,7006,118310,1,1
11693,303,2560924,CAMDEN YARDS,,1,7011,118310,1,1
11693,303,2560925,CAMDEN YARDS,,1,7006,118310,1,1
11693,303,2560926,CAMDEN YARDS,,1,7011,118310,1,1
11693,303,2560927,CAMDEN YARDS,,1,7006,118310,1,1
11693,303,2560928,CAMDEN YARDS,,1,7011,118310,1,1
11693,303,2560929,CAMDEN YARDS,,1,7006,118310,1,1
11693,303,2560930,CAMDEN YARDS,,1,7011,118310,1,1
11693,303,2560931,CAMDEN YARDS,,1,7006,118310,1,1
11693,303,2560932,CAMDEN YARDS,,1,7011,118310,1,1
11693,303,2560933,CAMDEN YARDS,,1,7006,118310,1,1
11693,303,2560934,CAMDEN YARDS,,1,7011,118310,1,1
11693,303,2560935,CAMDEN YARDS,,1,7006,118310,1,1
11693,303,2560936,CAMDEN YARDS,,1,7011,118310,1,1
11693,303,2560937,CAMDEN YARDS,,1,7006,118310,1,1
11693,303,2560938,CAMDEN YARDS,,1,7011,118310,1,1
11693,303,2560939,CAMDEN YARDS,,1,7006,118310,1,1
11693,303,2560940,PENN STATION,,1,7011,118306,1,1
11693,303,2560941,PENN STATION,,1,7006,118306,1,1
11693,303,2560942,CAMDEN STATION,,1,7009,118304,1,1
11693,303,2560943,CAMDEN STATION,,1,7003,118304,1,1
11693,303,2560945,CROMWELL STATION,,1,7012,118301,1,1
11693,303,2560946,CROMWELL STATION,,1,7007,118301,1,1
11693,303,2560947,BWI AIRPORT,,1,7014,118305,1,1
11693,303,2560948,BWI AIRPORT,,1,7010,118305,1,1
11693,303,2560949,BWI AIRPORT,,1,7004,118305,1,1
11693,303,2560950,NORTH AVE STATION,,1,7004,118302,1,1
11693,303,2560951,NORTH AVE STATION,,1,7009,118302,1,1
11693,303,2560952,NORTH AVE STATION,,1,7003,118302,1,1
11693,303,2560953,CAMDEN STATION,,1,7005,118303,1,1
11693,303,2560954,BWI AIRPORT,,1,7014,118307,1,1
11693,303,2560955,BWI AIRPORT,,1,7010,118307,1,1
11693,303,2560956,BWI AIRPORT,,1,7004,118307,1,1
11693,303,2560957,BWI AIRPORT,,1,7009,118307,1,1
11693,303,2560958,BWI AIRPORT,,1,7003,118307,1,1
11693,303,2560959,BWI AIRPORT,,1,7005,118307,1,1
11693,303,2560960,BWI AIRPORT,,1,7014,118307,1,1
11693,303,2560961,BWI AIRPORT,,1,7010,118307,1,1
11693,303,2560962,BWI AIRPORT,,1,7004,118307,1,1
11693,303,2560963,BWI AIRPORT,,1,7009,118307,1,1
11693,303,2560964,BWI AIRPORT,,1,7003,118307,1,1
11693,303,2560965,BWI AIRPORT,,1,7005,118307,1,1
11693,303,2560966,BWI AIRPORT,,1,7014,118307,1,1
11693,303,2560967,BWI AIRPORT,,1,7010,118307,1,1
11693,303,2560968,BWI AIRPORT,,1,7004,118307,1,1
11693,303,2560969,BWI AIRPORT,,1,7009,118307,1,1
11693,303,2560970,BWI AIRPORT,,1,7003,118307,1,1
11693,303,2560971,BWI AIRPORT,,1,7005,118307,1,1
11693,303,2560972,NORTH AVE STATION,,1,7007,118302,1,1
11693,303,2560973,NORTH AVE STATION,,1,7001,118302,1,1
11693,303,2560974,NORTH AVE STATION,,1,7013,118302,1,1
11693,303,2560975,NORTH AVE STATION,,1,7008,118302,1,1
11693,303,2560976,CROMWELL STATION,,1,7002,118311,1,1
11693,303,2560977,CROMWELL STATION,,1,7012,118311,1,1
11693,303,2560978,CROMWELL STATION,,1,7007,118311,1,1
11693,303,2560979,CROMWELL STATION,,1,7001,118311,1,1
11693,303,2560980,CROMWELL STATION,,1,7013,118311,1,1
11693,303,2560981,CROMWELL STATION,,1,7008,118311,1,1
11693,303,2560982,CROMWELL STATION,,1,7002,118311,1,1
11693,303,2560983,CROMWELL STATION,,1,7012,118311,1,1
11693,303,2560984,CROMWELL STATION,,1,7007,118311,1,1
11693,303,2560985,CROMWELL STATION,,1,7001,118311,1,1
11693,303,2560986,CROMWELL STATION,,1,7013,118311,1,1
11693,303,2560987,CROMWELL STATION,,1,7008,118311,1,1
11693,303,2560988,CROMWELL STATION,,1,7002,118311,1,1
11693,303,2560989,CROMWELL STATION,,1,7012,118311,1,1
11693,303,2560990,CROMWELL STATION,,1,7007,118311,1,1
11693,303,2560991,CROMWELL STATION,,1,7001,118311,1,1
11693,303,2560992,CROMWELL STATION,,1,7013,118311,1,1
11693,303,2560993,CROMWELL STATION,,1,7008,118311,1,1
11693,303,2560994,CROMWELL STATION,,1,7002,118311,1,1
11693,3011,2759394,PENN STATION,,0,7002,123331,1,1
11693,3011,2759395,HUNT VALLEY,,0,7008,123330,1,1
11693,3011,2759396,HUNT VALLEY,,0,7013,123330,1,1
11693,3011,2759397,PENN STATION,,0,7009,123331,1,1
11693,3011,2759398,NORTH AVE STATION,,0,7002,123338,1,1
11693,3011,2759399,NORTH AVE STATION,,0,7009,123338,1,1
11693,3011,2759400,PENN STATION,,0,7002,123331,1,1
11693,3011,2759401,PENN STATION,,0,7009,123331,1,1
11693,3011,2759402,PENN STATION,,0,7002,123331,1,1
11693,3011,2759403,PENN STATION,,0,7009,123331,1,1
11693,3011,2759404,PENN STATION,,0,7002,123331,1,1
11693,3011,2759405,PENN STATION,,0,7009,123331,1,1
11693,3011,2759406,PENN STATION,,0,7002,123331,1,1
11693,3011,2759407,PENN STATION,,0,7009,123331,1,1
11693,3011,2759408,PENN STATION,,0,7002,123331,1,1
11693,3011,2759409,PENN STATION,,0,7009,123331,1,1
11693,3011,2759410,PENN STATION,,0,7002,123331,1,1
11693,3011,2759411,PENN STATION,,0,7009,123331,1,1
11693,3011,2759412,PENN STATION,,0,7002,123331,1,1
11693,3011,2759413,PENN STATION,,0,7009,123331,1,1
11693,3011,2759414,PENN STATION,,0,7002,123331,1,1
11693,3011,2759415,PENN STATION,,0,7009,123331,1,1
11693,3011,2759416,PENN STATION,,0,7002,123331,1,1
11693,3011,2759417,PENN STATION,,0,7009,123331,1,1
11693,3011,2759418,PENN STATION,,0,7002,123331,1,1
11693,3011,2759419,PENN STATION,,0,7009,123331,1,1
11693,3011,2759420,PENN STATION,,0,7002,123331,1,1
11693,3011,2759421,PENN STATION,,0,7009,123331,1,1
11693,3011,2759422,PENN STATION,,0,7002,123331,1,1
11693,3011,2759423,PENN STATION,,0,7009,123331,1,1
11693,3011,2759424,PENN STATION,,0,7009,123331,1,1
11693,3011,2759425,PENN STATION,,0,7002,123331,1,1
11693,3011,2759426,PENN STATION,,0,7009,123331,1,1
11693,3011,2759427,PENN STATION,,0,7002,123331,1,1
11693,3011,2759428,PENN STATION,,0,7009,123331,1,1
11693,3011,2759429,PENN STATION,,0,7002,123331,1,1
11693,3011,2759430,PENN STATION,,0,7002,123331,1,1
11693,3011,2759431,PENN STATION,,0,7009,123331,1,1
11693,3011,2759432,PENN STATION,,0,7002,123331,1,1
11693,3011,2759433,PENN STATION,,0,7009,123331,1,1
11693,3011,2759434,PENN STATION,,0,7002,123331,1,1
11693,3011,2759435,PENN STATION,,0,7009,123331,1,1
11693,3011,2759436,PENN STATION,,0,7002,123331,1,1
11693,3011,2759437,TIMONIUM FAIRGROUNDS,,0,7021,123334,1,1
11693,3011,2759438,TIMONIUM FAIRGROUNDS,,0,7010,123334,1,1
11693,3011,2759439,NORTH AVE STATION,,0,7004,123336,1,1
11693,3011,2759440,NORTH AVE STATION,,0,7015,123336,1,1
11693,3011,2759441,NORTH AVE STATION,,0,7007,123336,1,1
11693,3011,2759442,NORTH AVE STATION,,0,7005,123336,1,1
11693,3011,2759443,NORTH AVE STATION,,0,7003,123336,1,1
11693,3011,2759444,NORTH AVE STATION,,0,7008,123339,1,1
11693,3011,2759445,NORTH AVE STATION,,0,7018,123339,1,1
11693,3011,2759446,NORTH AVE STATION,,0,7020,123338,1,1
11693,3011,2759447,NORTH AVE STATION,,0,7013,123338,1,1
11693,3011,2759448,NORTH AVE STATION,,0,7024,123336,1,1
11693,3011,2759449,NORTH AVE STATION,,0,7012,123336,1,1
11693,3011,2759450,NORTH AVE STATION,,0,7022,123336,1,1
11693,3011,2759451,NORTH AVE STATION,,0,7019,123339,1,1
11693,3011,2759452,NORTH AVE STATION,,0,7023,123339,1,1
11693,3011,2759453,NORTH AVE STATION,,0,7016,123339,1,1
11693,3011,2759454,HUNT VALLEY,,0,7006,123335,1,1
11693,3011,2759455,HUNT VALLEY,,0,7020,123335,1,1
11693,3011,2759456,HUNT VALLEY,,0,7014,123340,1,1
11693,3011,2759457,HUNT VALLEY,,0,7001,123340,1,1
11693,3011,2759458,HUNT VALLEY,,0,7013,123335,1,1
11693,3011,2759459,HUNT VALLEY,,0,7024,123335,1,1
11693,3011,2759460,HUNT VALLEY,,0,7012,123335,1,1
11693,3011,2759461,HUNT VALLEY,,0,7022,123335,1,1
11693,3011,2759462,HUNT VALLEY,,0,7006,123335,1,1
11693,3011,2759463,HUNT VALLEY,,0,7020,123335,1,1
11693,3011,2759464,HUNT VALLEY,,0,7013,123335,1,1
11693,3011,2759465,HUNT VALLEY,,0,7017,123340,1,1
11693,3011,2759466,HUNT VALLEY,,0,7019,123340,1,1
11693,3011,2759467,HUNT VALLEY,,0,7023,123340,1,1
11693,3011,2759468,HUNT VALLEY,,0,7016,123340,1,1
11693,3011,2759469,HUNT VALLEY,,0,7014,123340,1,1
11693,3011,2759470,HUNT VALLEY,,0,7001,123340,1,1
11693,3011,2759471,HUNT VALLEY,,0,7017,123340,1,1
11693,3011,2759472,HUNT VALLEY,,0,7019,123340,1,1
11693,3011,2759473,HUNT VALLEY,,0,7023,123340,1,1
11693,3011,2759474,HUNT VALLEY,,0,7016,123340,1,1
11693,3011,2759475,HUNT VALLEY,,0,7014,123340,1,1
11693,3011,2759476,HUNT VALLEY,,0,7001,123340,1,1
11693,3011,2759477,HUNT VALLEY,,0,7024,123335,1,1
11693,3011,2759478,HUNT VALLEY,,0,7012,123335,1,1
11693,3011,2759479,HUNT VALLEY,,0,7022,123335,1,1
11693,3011,2759480,HUNT VALLEY,,0,7006,123335,1,1
11693,3011,2759481,HUNT VALLEY,,0,7020,123335,1,1
11693,3011,2759482,TIMONIUM FAIRGROUNDS,,0,7023,123334,1,1
11693,3011,2759483,TIMONIUM FAIRGROUNDS,,0,7016,123334,1,1
11693,3011,2759484,TIMONIUM FAIRGROUNDS,,0,7014,123334,1,1
11693,3011,2759485,TIMONIUM FAIRGROUNDS,,0,7021,123334,1,1
11693,3011,2759486,HUNT VALLEY,,0,7013,123335,1,1
11693,3011,2759487,TIMONIUM FAIRGROUNDS,,0,7008,123332,1,1
11693,3011,2759488,HUNT VALLEY,,0,7017,123340,1,1
11693,3011,2759489,HUNT VALLEY,,0,7024,123340,1,1
11693,3011,2759490,HUNT VALLEY,,0,7019,123340,1,1
11693,3011,2759491,HUNT VALLEY,,0,7004,123335,1,1
11693,3011,2759492,HUNT VALLEY,,0,7012,123335,1,1
11693,3011,2759493,HUNT VALLEY,,0,7022,123335,1,1
11693,3011,2759494,HUNT VALLEY,,0,7005,123335,1,1
11693,3011,2759495,HUNT VALLEY,,0,7006,123335,1,1
11693,3011,2759496,HUNT VALLEY,,0,7020,123335,1,1
11693,3011,2759497,TIMONIUM FAIRGROUNDS,,0,7010,123334,1,1
11693,3011,2759498,HUNT VALLEY,,0,7001,123340,1,1
11693,3011,2759499,HUNT VALLEY,,0,7006,123340,1,1
11693,3011,2759500,HUNT VALLEY,,0,7005,123335,1,1
11693,3011,2759501,HUNT VALLEY,,0,7012,123335,1,1
11693,3011,2759502,HUNT VALLEY,,0,7014,123340,1,1
11693,3011,2759503,HUNT VALLEY,,0,7016,123340,1,1
11693,3011,2759504,HUNT VALLEY,,0,7019,123340,1,1
11693,3011,2759505,HUNT VALLEY,,0,7004,123335,1,1
11693,3011,2759506,HUNT VALLEY,,0,7017,123340,1,1
11693,3011,2759507,HUNT VALLEY,,0,7008,123335,1,1
11693,3011,2759508,HUNT VALLEY,,0,7017,123340,1,1
11693,3011,2759509,HUNT VALLEY,,0,7019,123340,1,1
11693,3011,2759510,HUNT VALLEY,,0,7016,123340,1,1
11693,3011,2759511,HUNT VALLEY,,0,7014,123340,1,1
11693,3011,2759512,HUNT VALLEY,,0,7010,123340,1,1
11693,3011,2759513,HUNT VALLEY,,0,7001,123340,1,1
11693,3011,2759514,HUNT VALLEY,,0,7013,123335,1,1
11693,3011,2759515,HUNT VALLEY,,0,7008,123335,1,1
11693,3011,2759516,HUNT VALLEY,,0,7004,123335,1,1
11693,3011,2759517,HUNT VALLEY,,0,7012,123335,1,1
11693,3011,2759518,HUNT VALLEY,,0,7005,123335,1,1
11693,3011,2759519,HUNT VALLEY,,0,7006,123335,1,1
11693,3011,2759520,HUNT VALLEY,,0,7013,123335,1,1
11693,3011,2759521,TIMONIUM FAIRGROUNDS,,0,7011,123332,1,1
11693,3011,2759522,HUNT VALLEY,,0,7003,123335,1,1
11693,3011,2759523,HUNT VALLEY,,0,7013,123335,1,1
11693,3011,2759524,HUNT VALLEY,,0,7008,123335,1,1
11693,3011,2759525,HUNT VALLEY,,0,7004,123335,1,1
11693,3011,2759526,HUNT VALLEY,,0,7015,123335,1,1
11693,3011,2759527,HUNT VALLEY,,0,7012,123335,1,1
11693,3011,2759528,HUNT VALLEY,,0,7007,123335,1,1
11693,3011,2759529,HUNT VALLEY,,0,7005,123335,1,1
11693,3011,2759530,HUNT VALLEY,,0,7010,123340,1,1
11693,3011,2759531,HUNT VALLEY,,0,7001,123340,1,1
11693,3011,2759532,TIMONIUM FAIRGROUNDS,,0,7017,123334,1,1
11693,3011,2759533,TIMONIUM FAIRGROUNDS,,0,7019,123334,1,1
11693,3011,2759534,TIMONIUM FAIRGROUNDS,,0,7018,123334,1,1
11693,3011,2759535,TIMONIUM FAIRGROUNDS,,0,7016,123334,1,1
11693,3011,2759536,TIMONIUM FAIRGROUNDS,,0,7014,123334,1,1
11693,3011,2759537,TIMONIUM FAIRGROUNDS,,0,7010,123334,1,1
11693,3011,2759538,TIMONIUM FAIRGROUNDS,,0,7006,123334,1,1
11693,3011,2759539,TIMONIUM FAIRGROUNDS,,0,7001,123334,1,1
11693,3011,2759540,TIMONIUM FAIRGROUNDS,,0,7017,123333,1,1
11693,3011,2759541,HUNT VALLEY,,0,7011,123337,1,1
11693,3011,2759542,HUNT VALLEY,,0,7003,123337,1,1
11693,3011,2759544,BWI AIRPORT,,1,7015,123348,1,1
11693,3011,2759545,BWI AIRPORT,,1,7004,123346,1,1
11693,3011,2759546,BWI AIRPORT,,1,7008,123346,1,1
11693,3011,2759547,CROMWELL STATION,,1,7006,123352,1,1
11693,3011,2759548,CROMWELL STATION,,1,7010,123352,1,1
11693,3011,2759549,CROMWELL STATION,,1,7014,123352,1,1
11693,3011,2759550,CROMWELL STATION,,1,7016,123352,1,1
11693,3011,2759551,CROMWELL STATION,,1,7018,123352,1,1
11693,3011,2759552,CROMWELL STATION,,1,7019,123352,1,1
11693,3011,2759553,NORTH AVE,,1,7021,123344,1,1
11693,3011,2759554,NORTH AVE,,1,7010,123344,1,1
11693,3011,2759555,CROMWELL STATION,,1,7010,123345,1,1
11693,3011,2759556,NORTH AVE STATION,,1,7006,123351,1,1
11693,3011,2759557,NORTH AVE STATION,,1,7014,123351,1,1
11693,3011,2759558,NORTH AVE STATION,,1,7001,123351,1,1
11693,3011,2759559,NORTH AVE STATION,,1,7017,123351,1,1
11693,3011,2759560,CAMDEN STATION,,1,7020,123350,1,1
11693,3011,2759561,CAMDEN STATION,,1,7013,123350,1,1
11693,3011,2759562,BWI AIRPORT,,1,7024,123346,1,1
11693,3011,2759563,BWI AIRPORT,,1,7012,123346,1,1
11693,3011,2759564,BWI AIRPORT,,1,7022,123346,1,1
11693,3011,2759565,BWI AIRPORT,,1,7006,123346,1,1
11693,3011,2759566,BWI AIRPORT,,1,7013,123346,1,1
11693,3011,2759567,CROMWELL STATION,,1,7017,123345,1,1
11693,3011,2759568,BWI AIRPORT,,1,7012,123348,1,1
11693,3011,2759569,BWI AIRPORT,,1,7007,123348,1,1
11693,3011,2759570,BWI AIRPORT,,1,7005,123348,1,1
11693,3011,2759572,BWI AIRPORT,,1,7020,123348,1,1
11693,3011,2759573,BWI AIRPORT,,1,7022,123348,1,1
11693,3011,2759574,CROMWELL STATION,,1,7024,123352,1,1
11693,3011,2759575,CROMWELL STATION,,1,7021,123352,1,1
11693,3011,2759576,CROMWELL STATION,,1,7023,123352,1,1
11693,3011,2759577,BWI AIRPORT,,1,7005,123346,1,1
11693,3011,2759578,CAMDEN STATION,,1,7011,123349,1,1
11693,3011,2759579,CAMDEN YARDS,,1,7002,123343,1,1
11693,3011,2759580,CAMDEN YARDS,,1,7009,123343,1,1
11693,3011,2759581,CAMDEN YARDS,,1,7002,123343,1,1
11693,3011,2759582,CAMDEN YARDS,,1,7009,123343,1,1
11693,3011,2759583,CAMDEN YARDS,,1,7002,123343,1,1
11693,3011,2759584,CAMDEN YARDS,,1,7009,123343,1,1
11693,3011,2759585,CAMDEN YARDS,,1,7002,123343,1,1
11693,3011,2759586,CAMDEN YARDS,,1,7009,123343,1,1
11693,3011,2759587,CAMDEN YARDS,,1,7002,123343,1,1
11693,3011,2759588,CAMDEN YARDS,,1,7009,123343,1,1
11693,3011,2759589,CAMDEN YARDS,,1,7002,123343,1,1
11693,3011,2759590,CAMDEN YARDS,,1,7009,123343,1,1
11693,3011,2759591,CAMDEN YARDS,,1,7002,123343,1,1
11693,3011,2759592,CAMDEN YARDS,,1,7009,123343,1,1
11693,3011,2759593,CAMDEN YARDS,,1,7002,123343,1,1
11693,3011,2759594,CAMDEN YARDS,,1,7009,123343,1,1
11693,3011,2759595,CAMDEN YARDS,,1,7002,123343,1,1
11693,3011,2759596,CAMDEN YARDS,,1,7009,123343,1,1
11693,3011,2759597,CAMDEN YARDS,,1,7002,123343,1,1
11693,3011,2759598,CAMDEN YARDS,,1,7009,123343,1,1
11693,3011,2759599,CAMDEN YARDS,,1,7002,123343,1,1
11693,3011,2759600,CAMDEN YARDS,,1,7009,123343,1,1
11693,3011,2759601,CAMDEN YARDS,,1,7002,123343,1,1
11693,3011,2759602,CAMDEN YARDS,,1,7009,123343,1,1
11693,3011,2759603,CAMDEN YARDS,,1,7002,123343,1,1
11693,3011,2759604,CAMDEN YARDS,,1,7009,123343,1,1
11693,3011,2759605,CAMDEN YARDS,,1,7002,123343,1,1
11693,3011,2759606,CAMDEN YARDS,,1,7009,123343,1,1
11693,3011,2759607,CAMDEN YARDS,,1,7002,123343,1,1
11693,3011,2759608,CAMDEN YARDS,,1,7009,123343,1,1
11693,3011,2759609,CAMDEN YARDS,,1,7002,123343,1,1
11693,3011,2759610,CAMDEN YARDS,,1,7009,123343,1,1
11693,3011,2759611,CAMDEN YARDS,,1,7002,123343,1,1
11693,3011,2759612,CAMDEN YARDS,,1,7009,123343,1,1
11693,3011,2759613,CAMDEN YARDS,,1,7002,123343,1,1
11693,3011,2759614,CAMDEN YARDS,,1,7009,123343,1,1
11693,3011,2759615,CAMDEN YARDS,,1,7002,123343,1,1
11693,3011,2759616,CAMDEN YARDS,,1,7009,123343,1,1
11693,3011,2759617,CAMDEN YARDS,,1,7002,123343,1,1
11693,3011,2759618,CAMDEN YARDS,,1,7003,123343,1,1
11693,3011,2759619,PENN STATION,,1,7003,123347,1,1
11693,3011,2759620,CAMDEN STATION,,1,7002,123349,1,1
11693,3011,2759621,CAMDEN STATION,,1,7009,123349,1,1
11693,3011,2759622,BWI AIRPORT,,1,7003,123346,1,1
11693,3011,2759623,BWI AIRPORT,,1,7011,123346,1,1
11693,3011,2759624,BWI AIRPORT,,1,7005,123346,1,1
11693,3011,2759625,BWI AIRPORT,,1,7007,123346,1,1
11693,3011,2759626,BWI AIRPORT,,1,7012,123346,1,1
11693,3011,2759627,BWI AIRPORT,,1,7015,123346,1,1
11693,3011,2759628,BWI AIRPORT,,1,7004,123346,1,1
11693,3011,2759629,BWI AIRPORT,,1,7008,123346,1,1
11693,3011,2759630,BWI AIRPORT,,1,7013,123346,1,1
11693,3011,2759631,CROMWELL STATION,,1,7001,123342,1,1
11693,3011,2759632,CROMWELL STATION,,1,7010,123342,1,1
11693,3011,2759633,CROMWELL STATION,,1,7014,123342,1,1
11693,3011,2759634,CROMWELL STATION,,1,7016,123342,1,1
11693,3011,2759635,CROMWELL STATION,,1,7019,123342,1,1
11693,3011,2759636,CROMWELL STATION,,1,7017,123342,1,1
11693,3011,2759637,CROMWELL STATION,,1,7001,123342,1,1
11693,3011,2759638,CROMWELL STATION,,1,7010,123342,1,1
11693,3011,2759639,CROMWELL STATION,,1,7014,123342,1,1
11693,3011,2759640,CROMWELL STATION,,1,7017,123345,1,1
11693,3011,2759641,BWI AIRPORT,,1,7003,123346,1,1
11693,3011,2759642,BWI AIRPORT,,1,7006,123346,1,1
11693,3011,2759643,BWI AIRPORT,,1,7005,123346,1,1
11693,3011,2759644,BWI AIRPORT,,1,7012,123346,1,1
11693,3011,2759645,BWI AIRPORT,,1,7004,123346,1,1
11693,3011,2759646,BWI AIRPORT,,1,7008,123346,1,1
11693,3011,2759647,BWI AIRPORT,,1,7013,123346,1,1
11693,3011,2759648,BWI AIRPORT,,1,7006,123346,1,1
11693,3011,2759649,CROMWELL STATION,,1,7001,123345,1,1
11693,3011,2759650,CROMWELL STATION,,1,7006,123345,1,1
11693,3011,2759651,CROMWELL STATION,,1,7010,123345,1,1
11693,3011,2759652,CROMWELL STATION,,1,7014,123345,1,1
11693,3011,2759653,CROMWELL STATION,,1,7016,123345,1,1
11693,3011,2759654,CROMWELL STATION,,1,7018,123345,1,1
11693,3011,2759655,CROMWELL STATION,,1,7019,123345,1,1
11693,3011,2759656,NORTH AVE,,1,7011,123344,1,1
11693,3011,2759657,BWI AIRPORT,,1,7012,123346,1,1
11693,3011,2759658,BWI AIRPORT,,1,7004,123346,1,1
11693,3011,2759659,BWI AIRPORT,,1,7008,123346,1,1
11693,3011,2759660,BWI AIRPORT,,1,7013,123346,1,1
11693,3011,2759661,CROMWELL STATION,,1,7016,123342,1,1
11693,3011,2759662,CROMWELL STATION,,1,7019,123342,1,1
11693,3011,2759663,CROMWELL STATION,,1,7017,123342,1,1
11693,3011,2759664,BWI AIRPORT,,1,7020,123346,1,1
11693,3011,2759665,BWI AIRPORT,,1,7020,123346,1,1
11693,3011,2759666,BWI AIRPORT,,1,7013,123346,1,1
11693,3011,2759667,BWI AIRPORT,,1,7024,123346,1,1
11693,3011,2759668,BWI AIRPORT,,1,7012,123346,1,1
11693,3011,2759669,CROMWELL STATION,,1,7019,123342,1,1
11693,3011,2759670,CROMWELL STATION,,1,7023,123342,1,1
11693,3011,2759671,CROMWELL STATION,,1,7016,123342,1,1
11693,3011,2759672,CROMWELL STATION,,1,7014,123342,1,1
11693,3011,2759673,CROMWELL STATION,,1,7001,123342,1,1
11693,3011,2759674,CROMWELL STATION,,1,7017,123342,1,1
11693,3011,2759675,CROMWELL STATION,,1,7019,123342,1,1
11693,3011,2759676,CROMWELL STATION,,1,7023,123342,1,1
11693,3011,2759677,CROMWELL STATION,,1,7016,123342,1,1
11693,3011,2759678,CROMWELL STATION,,1,7014,123342,1,1
11693,3011,2759679,CROMWELL STATION,,1,7001,123342,1,1
11693,3011,2759680,CROMWELL STATION,,1,7017,123342,1,1
11693,3011,2759681,BWI AIRPORT,,1,7022,123346,1,1
11693,3011,2759682,BWI AIRPORT,,1,7006,123346,1,1
11693,3011,2759683,BWI AIRPORT,,1,7020,123346,1,1
11693,3011,2759684,BWI AIRPORT,,1,7013,123346,1,1
11693,3011,2759685,CROMWELL STATION,,1,7008,123345,1,1
11693,3011,2759686,CROMWELL STATION,,1,7023,123345,1,1
11693,3011,2759687,CROMWELL STATION,,1,7016,123345,1,1
11693,3011,2759688,BWI AIRPORT,,1,7024,123346,1,1
11693,3011,2759689,CROMWELL STATION,,1,7019,123342,1,1
11693,3011,2759690,BWI AIRPORT,,1,7004,123346,1,1
11693,3011,2759691,BWI AIRPORT,,1,7012,123346,1,1
11693,3011,2759692,BWI AIRPORT,,1,7022,123346,1,1
11693,3011,2759693,CROMWELL STATION,,1,7014,123345,1,1
11693,3011,2759694,CROMWELL STATION,,1,7021,123345,1,1
11693,3011,2759695,CROMWELL STATION,,1,7001,123342,1,1
11693,3011,2759696,BWI AIRPORT,,1,7005,123346,1,1
11693,3011,2759697,BWI AIRPORT,,1,7006,123346,1,1
11693,3021,2760093,HUNT VALLEY,,0,7002,123335,1,1
11693,3021,2760094,HUNT VALLEY,,0,7009,123335,1,1
11693,3021,2760095,HUNT VALLEY,,0,7014,123335,1,1
11693,3021,2760096,HUNT VALLEY,,0,7012,123335,1,1
11693,3021,2760097,HUNT VALLEY,,0,7008,123335,1,1
11693,3021,2760098,HUNT VALLEY,,0,7004,123335,1,1
11693,3021,2760099,HUNT VALLEY,,0,7002,123335,1,1
11693,3021,2760100,HUNT VALLEY,,0,7009,123335,1,1
11693,3021,2760101,HUNT VALLEY,,0,7014,123335,1,1
11693,3021,2760102,HUNT VALLEY,,0,7012,123335,1,1
11693,3021,2760103,HUNT VALLEY,,0,7008,123335,1,1
11693,3021,2760104,HUNT VALLEY,,0,7004,123335,1,1
11693,3021,2760105,HUNT VALLEY,,0,7002,123335,1,1
11693,3021,2760106,HUNT VALLEY,,0,7009,123335,1,1
11693,3021,2760107,HUNT VALLEY,,0,7014,123335,1,1
11693,3021,2760108,HUNT VALLEY,,0,7012,123335,1,1
11693,3021,2760109,HUNT VALLEY,,0,7008,123335,1,1
11693,3021,2760110,HUNT VALLEY,,0,7004,123335,1,1
11693,3021,2760111,HUNT VALLEY,,0,7002,123335,1,1
11693,3021,2760112,NORTH AVE STATION,,0,7011,123339,1,1
11693,3021,2760113,NORTH AVE STATION,,0,7007,123339,1,1
11693,3021,2760114,NORTH AVE STATION,,0,7003,123339,1,1
11693,3021,2760115,HUNT VALLEY,,0,7001,123340,1,1
11693,3021,2760116,PENN STATION,,0,7010,123331,1,1
11693,3021,2760117,PENN STATION,,0,7006,123331,1,1
11693,3021,2760118,PENN STATION,,0,7010,123331,1,1
11693,3021,2760119,PENN STATION,,0,7006,123331,1,1
11693,3021,2760120,PENN STATION,,0,7010,123331,1,1
11693,3021,2760121,PENN STATION,,0,7006,123331,1,1
11693,3021,2760122,PENN STATION,,0,7010,123331,1,1
11693,3021,2760123,PENN STATION,,0,7006,123331,1,1
11693,3021,2760124,PENN STATION,,0,7010,123331,1,1
11693,3021,2760125,PENN STATION,,0,7006,123331,1,1
11693,3021,2760126,PENN STATION,,0,7010,123331,1,1
11693,3021,2760127,PENN STATION,,0,7006,123331,1,1
11693,3021,2760128,PENN STATION,,0,7010,123331,1,1
11693,3021,2760129,PENN STATION,,0,7006,123331,1,1
11693,3021,2760130,PENN STATION,,0,7010,123331,1,1
11693,3021,2760131,PENN STATION,,0,7006,123331,1,1
11693,3021,2760132,PENN STATION,,0,7010,123331,1,1
11693,3021,2760133,PENN STATION,,0,7006,123331,1,1
11693,3021,2760134,PENN STATION,,0,7010,123331,1,1
11693,3021,2760135,PENN STATION,,0,7006,123331,1,1
11693,3021,2760136,PENN STATION,,0,7010,123331,1,1
11693,3021,2760137,PENN STATION,,0,7006,123331,1,1
11693,3021,2760138,PENN STATION,,0,7010,123331,1,1
11693,3021,2760139,PENN STATION,,0,7006,123331,1,1
11693,3021,2760140,PENN STATION,,0,7010,123331,1,1
11693,3021,2760141,PENN STATION,,0,7006,123331,1,1
11693,3021,2760142,HUNT VALLEY,,0,7009,123330,1,1
11693,3021,2760144,NORTH AVE STATION,,0,7012,123336,1,1
11693,3021,2760145,NORTH AVE STATION,,0,7008,123336,1,1
11693,3021,2760146,NORTH AVE STATION,,0,7004,123336,1,1
11693,3021,2760147,HUNT VALLEY,,0,7002,123335,1,1
11693,3021,2760148,HUNT VALLEY,,0,7009,123335,1,1
11693,3021,2760149,HUNT VALLEY,,0,7014,123335,1,1
11693,3021,2760150,HUNT VALLEY,,0,7012,123335,1,1
11693,3021,2760151,HUNT VALLEY,,0,7008,123335,1,1
11693,3021,2760152,HUNT VALLEY,,0,7004,123335,1,1
11693,3021,2760153,HUNT VALLEY,,0,7002,123335,1,1
11693,3021,2760154,HUNT VALLEY,,0,7009,123335,1,1
11693,3021,2760155,HUNT VALLEY,,0,7014,123335,1,1
11693,3021,2760156,HUNT VALLEY,,0,7005,123340,1,1
11693,3021,2760157,HUNT VALLEY,,0,7013,123340,1,1
11693,3021,2760158,HUNT VALLEY,,0,7011,123340,1,1
11693,3021,2760159,HUNT VALLEY,,0,7007,123340,1,1
11693,3021,2760160,HUNT VALLEY,,0,7003,123340,1,1
11693,3021,2760161,HUNT VALLEY,,0,7001,123340,1,1
11693,3021,2760162,HUNT VALLEY,,0,7005,123340,1,1
11693,3021,2760163,HUNT VALLEY,,0,7013,123340,1,1
11693,3021,2760164,HUNT VALLEY,,0,7011,123340,1,1
11693,3021,2760165,HUNT VALLEY,,0,7007,123340,1,1
11693,3021,2760166,HUNT VALLEY,,0,7003,123340,1,1
11693,3021,2760167,HUNT VALLEY,,0,7001,123340,1,1
11693,3021,2760168,HUNT VALLEY,,0,7005,123340,1,1
11693,3021,2760169,HUNT VALLEY,,0,7013,123340,1,1
11693,3021,2760170,HUNT VALLEY,,0,7011,123340,1,1
11693,3021,2760171,HUNT VALLEY,,0,7007,123340,1,1
11693,3021,2760172,HUNT VALLEY,,0,7003,123340,1,1
11693,3021,2760173,HUNT VALLEY,,0,7001,123340,1,1
11693,3021,2760174,HUNT VALLEY,,0,7005,123340,1,1
11693,3021,2760175,HUNT VALLEY,,0,7013,123340,1,1
11693,3021,2760176,HUNT VALLEY,,0,7011,123340,1,1
11693,3021,2760177,HUNT VALLEY,,0,7007,123340,1,1
11693,3021,2760178,HUNT VALLEY,,0,7005,123340,1,1
11693,3021,2760179,HUNT VALLEY,,0,7013,123340,1,1
11693,3021,2760180,HUNT VALLEY,,0,7011,123340,1,1
11693,3021,2760181,HUNT VALLEY,,0,7007,123340,1,1
11693,3021,2760182,HUNT VALLEY,,0,7003,123340,1,1
11693,3021,2760183,HUNT VALLEY,,0,7001,123340,1,1
11693,3021,2760184,HUNT VALLEY,,0,7005,123340,1,1
11693,3021,2760185,HUNT VALLEY,,0,7013,123340,1,1
11693,3021,2760186,HUNT VALLEY,,0,7011,123340,1,1
11693,3021,2760187,HUNT VALLEY,,0,7007,123340,1,1
11693,3021,2760188,HUNT VALLEY,,0,7003,123340,1,1
11693,3021,2760189,HUNT VALLEY,,0,7001,123340,1,1
11693,3021,2760190,NORTH AVE STATION,,0,7010,123338,1,1
11693,3021,2760191,NORTH AVE STATION,,0,7006,123338,1,1
11693,3021,2760192,PENN STATION,,0,7010,123331,1,1
11693,3021,2760193,PENN STATION,,0,7006,123331,1,1
11693,3021,2760194,PENN STATION,,0,7010,123331,1,1
11693,3021,2760195,PENN STATION,,0,7006,123331,1,1
11693,3021,2760196,PENN STATION,,0,7010,123331,1,1
11693,3021,2760197,PENN STATION,,0,7006,123331,1,1
11693,3021,2760198,PENN STATION,,0,7010,123331,1,1
11693,3021,2760199,PENN STATION,,0,7006,123331,1,1
11693,3021,2760200,PENN STATION,,0,7010,123331,1,1
11693,3021,2760201,PENN STATION,,0,7006,123331,1,1
11693,3021,2760202,HUNT VALLEY,,0,7003,123340,1,1
11693,3021,2760203,HUNT VALLEY,,0,7001,123340,1,1
11693,3021,2760204,HUNT VALLEY,,0,7012,123335,1,1
11693,3021,2760205,HUNT VALLEY,,0,7008,123335,1,1
11693,3021,2760206,HUNT VALLEY,,0,7004,123335,1,1
11693,3021,2760207,HUNT VALLEY,,0,7002,123335,1,1
11693,3021,2760208,HUNT VALLEY,,0,7009,123335,1,1
11693,3021,2760209,HUNT VALLEY,,0,7014,123335,1,1
11693,3021,2760210,HUNT VALLEY,,0,7012,123335,1,1
11693,3021,2760211,HUNT VALLEY,,0,7008,123335,1,1
11693,3021,2760212,HUNT VALLEY,,0,7004,123335,1,1
11693,3021,2760213,CAMDEN YARDS,,1,7006,123343,1,1
11693,3021,2760214,CAMDEN YARDS,,1,7010,123343,1,1
11693,3021,2760215,CAMDEN YARDS,,1,7006,123343,1,1
11693,3021,2760216,CAMDEN YARDS,,1,7010,123343,1,1
11693,3021,2760217,CAMDEN YARDS,,1,7006,123343,1,1
11693,3021,2760218,CAMDEN YARDS,,1,7010,123343,1,1
11693,3021,2760219,CAMDEN YARDS,,1,7006,123343,1,1
11693,3021,2760220,CAMDEN YARDS,,1,7010,123343,1,1
11693,3021,2760221,CAMDEN YARDS,,1,7006,123343,1,1
11693,3021,2760222,CAMDEN YARDS,,1,7010,123343,1,1
11693,3021,2760223,CAMDEN YARDS,,1,7006,123343,1,1
11693,3021,2760224,CROMWELL STATION,,1,7013,123342,1,1
11693,3021,2760225,CROMWELL STATION,,1,7011,123342,1,1
11693,3021,2760226,CROMWELL STATION,,1,7007,123342,1,1
11693,3021,2760227,CROMWELL STATION,,1,7003,123342,1,1
11693,3021,2760228,CROMWELL STATION,,1,7001,123342,1,1
11693,3021,2760229,CROMWELL STATION,,1,7005,123342,1,1
11693,3021,2760230,CROMWELL STATION,,1,7013,123342,1,1
11693,3021,2760231,CROMWELL STATION,,1,7011,123342,1,1
11693,3021,2760232,CROMWELL STATION,,1,7007,123342,1,1
11693,3021,2760233,CROMWELL STATION,,1,7003,123342,1,1
11693,3021,2760234,CAMDEN YARDS,,1,7010,123343,1,1
11693,3021,2760235,CAMDEN YARDS,,1,7006,123343,1,1
11693,3021,2760236,CAMDEN YARDS,,1,7010,123343,1,1
11693,3021,2760237,CAMDEN YARDS,,1,7006,123343,1,1
11693,3021,2760238,CAMDEN YARDS,,1,7010,123343,1,1
11693,3021,2760239,CAMDEN YARDS,,1,7006,123343,1,1
11693,3021,2760240,CAMDEN YARDS,,1,7010,123343,1,1
11693,3021,2760241,CAMDEN YARDS,,1,7006,123343,1,1
11693,3021,2760242,CAMDEN YARDS,,1,7010,123343,1,1
11693,3021,2760243,CROMWELL STATION,,1,7003,123342,1,1
11693,3021,2760244,CROMWELL STATION,,1,7001,123342,1,1
11693,3021,2760245,CROMWELL STATION,,1,7005,123342,1,1
11693,3021,2760246,CROMWELL STATION,,1,7013,123342,1,1
11693,3021,2760247,CROMWELL STATION,,1,7011,123342,1,1
11693,3021,2760248,CROMWELL STATION,,1,7007,123342,1,1
11693,3021,2760249,CROMWELL STATION,,1,7003,123342,1,1
11693,3021,2760250,CROMWELL STATION,,1,7001,123342,1,1
11693,3021,2760251,CROMWELL STATION,,1,7005,123342,1,1
11693,3021,2760252,CROMWELL STATION,,1,7013,123342,1,1
11693,3021,2760253,CROMWELL STATION,,1,7011,123342,1,1
11693,3021,2760254,CROMWELL STATION,,1,7007,123342,1,1
11693,3021,2760255,CROMWELL STATION,,1,7003,123342,1,1
11693,3021,2760256,CROMWELL STATION,,1,7001,123342,1,1
11693,3021,2760257,CROMWELL STATION,,1,7005,123342,1,1
11693,3021,2760258,CROMWELL STATION,,1,7013,123342,1,1
11693,3021,2760259,CROMWELL STATION,,1,7011,123342,1,1
11693,3021,2760260,CROMWELL STATION,,1,7007,123342,1,1
11693,3021,2760261,CROMWELL STATION,,1,7003,123342,1,1
11693,3021,2760262,CROMWELL STATION,,1,7001,123342,1,1
11693,3021,2760263,CROMWELL STATION,,1,7005,123342,1,1
11693,3021,2760264,CAMDEN YARDS,,1,7010,123343,1,1
11693,3021,2760265,CAMDEN YARDS,,1,7006,123343,1,1
11693,3021,2760266,CAMDEN YARDS,,1,7010,123343,1,1
11693,3021,2760267,CAMDEN YARDS,,1,7006,123343,1,1
11693,3021,2760268,CAMDEN YARDS,,1,7010,123343,1,1
11693,3021,2760269,CAMDEN YARDS,,1,7006,123343,1,1
11693,3021,2760270,CAMDEN YARDS,,1,7010,123343,1,1
11693,3021,2760271,CAMDEN YARDS,,1,7006,123343,1,1
11693,3021,2760273,CROMWELL STATION,,1,7013,123352,1,1
11693,3021,2760274,CROMWELL STATION,,1,7011,123352,1,1
11693,3021,2760275,CROMWELL STATION,,1,7007,123352,1,1
11693,3021,2760276,CROMWELL STATION,,1,7003,123352,1,1
11693,3021,2760277,BWI AIRPORT,,1,7014,123348,1,1
11693,3021,2760278,BWI AIRPORT,,1,7012,123348,1,1
11693,3021,2760279,BWI AIRPORT,,1,7008,123348,1,1
11693,3021,2760280,BWI AIRPORT,,1,7004,123348,1,1
11693,3021,2760281,BWI AIRPORT,,1,7002,123348,1,1
11693,3021,2760282,NORTH AVE STATION,,1,7002,123351,1,1
11693,3021,2760283,NORTH AVE STATION,,1,7009,123351,1,1
11693,3021,2760284,NORTH AVE STATION,,1,7014,123351,1,1
11693,3021,2760285,BWI AIRPORT,,1,7012,123346,1,1
11693,3021,2760286,BWI AIRPORT,,1,7008,123346,1,1
11693,3021,2760287,BWI AIRPORT,,1,7004,123346,1,1
11693,3021,2760288,BWI AIRPORT,,1,7002,123346,1,1
11693,3021,2760289,BWI AIRPORT,,1,7009,123346,1,1
11693,3021,2760290,BWI AIRPORT,,1,7014,123346,1,1
11693,3021,2760291,BWI AIRPORT,,1,7012,123346,1,1
11693,3021,2760292,BWI AIRPORT,,1,7008,123346,1,1
11693,3021,2760293,BWI AIRPORT,,1,7004,123346,1,1
11693,3021,2760294,BWI AIRPORT,,1,7009,123346,1,1
11693,3021,2760295,BWI AIRPORT,,1,7014,123346,1,1
11693,3021,2760296,BWI AIRPORT,,1,7012,123346,1,1
11693,3021,2760297,BWI AIRPORT,,1,7008,123346,1,1
11693,3021,2760298,BWI AIRPORT,,1,7004,123346,1,1
11693,3021,2760299,BWI AIRPORT,,1,7002,123346,1,1
11693,3021,2760300,BWI AIRPORT,,1,7009,123346,1,1
11693,3021,2760301,BWI AIRPORT,,1,7014,123346,1,1
11693,3021,2760302,CROMWELL STATION,,1,7001,123342,1,1
11693,3021,2760303,CROMWELL STATION,,1,7005,123342,1,1
11693,3021,2760304,PENN STATION,,1,7010,123347,1,1
11693,3021,2760305,PENN STATION,,1,7006,123347,1,1
11693,3021,2760306,CAMDEN YARDS,,1,7010,123343,1,1
11693,3021,2760307,CAMDEN YARDS,,1,7006,123343,1,1
11693,3021,2760308,CAMDEN YARDS,,1,7010,123343,1,1
11693,3021,2760309,CAMDEN YARDS,,1,7006,123343,1,1
11693,3021,2760310,CAMDEN YARDS,,1,7010,123343,1,1
11693,3021,2760311,CAMDEN YARDS,,1,7006,123343,1,1
11693,3021,2760312,CAMDEN YARDS,,1,7010,123343,1,1
11693,3021,2760313,CAMDEN YARDS,,1,7006,123343,1,1
11693,3021,2760314,BWI AIRPORT,,1,7012,123346,1,1
11693,3021,2760315,BWI AIRPORT,,1,7008,123346,1,1
11693,3021,2760316,BWI AIRPORT,,1,7004,123346,1,1
11693,3021,2760317,BWI AIRPORT,,1,7002,123346,1,1
11693,3021,2760318,BWI AIRPORT,,1,7009,123346,1,1
11693,3021,2760319,NORTH AVE STATION,,1,7001,123351,1,1
11693,3021,2760320,NORTH AVE STATION,,1,7005,123351,1,1
11693,3021,2760321,NORTH AVE STATION,,1,7013,123351,1,1
11693,3021,2760322,CROMWELL STATION,,1,7011,123342,1,1
11693,3021,2760323,CROMWELL STATION,,1,7007,123342,1,1
11693,3021,2760324,CAMDEN YARDS,,1,7010,123343,1,1
11693,3021,2760325,CAMDEN YARDS,,1,7006,123343,1,1
11693,3021,2760326,BWI AIRPORT,,1,7002,123346,1,1
11693,3021,2760327,BWI AIRPORT,,1,7009,123346,1,1
11693,3021,2760328,BWI AIRPORT,,1,7014,123346,1,1
11693,3021,2760329,BWI AIRPORT,,1,7012,123346,1,1
11693,3021,2760330,BWI AIRPORT,,1,7008,123346,1,1
11693,3021,2760331,BWI AIRPORT,,1,7004,123346,1,1
11693,3021,2760332,BWI AIRPORT,,1,7002,123346,1,1
11693,3021,2760333,BWI AIRPORT,,1,7009,123346,1,1
11693,3021,2760334,BWI AIRPORT,,1,7014,123346,1,1
11693,3021,2760335,BWI AIRPORT,,1,7012,123346,1,1
11693,3021,2760336,BWI AIRPORT,,1,7008,123346,1,1
11693,3021,2760337,BWI AIRPORT,,1,7004,123346,1,1
11693,3021,2760338,BWI AIRPORT,,1,7002,123346,1,1
11693,3031,2760339,NORTH AVE STATION,,0,7011,123338,1,1
11693,3031,2760340,NORTH AVE STATION,,0,7006,123338,1,1
11693,3031,2760341,PENN STATION,,0,7011,123331,1,1
11693,3031,2760342,PENN STATION,,0,7006,123331,1,1
11693,3031,2760343,PENN STATION,,0,7011,123331,1,1
11693,3031,2760344,PENN STATION,,0,7006,123331,1,1
11693,3031,2760345,PENN STATION,,0,7011,123331,1,1
11693,3031,2760346,PENN STATION,,0,7006,123331,1,1
11693,3031,2760347,PENN STATION,,0,7011,123331,1,1
11693,3031,2760348,PENN STATION,,0,7006,123331,1,1
11693,3031,2760349,PENN STATION,,0,7011,123331,1,1
11693,3031,2760350,PENN STATION,,0,7006,123331,1,1
11693,3031,2760351,PENN STATION,,0,7011,123331,1,1
11693,3031,2760352,PENN STATION,,0,7006,123331,1,1
11693,3031,2760353,PENN STATION,,0,7011,123331,1,1
11693,3031,2760354,PENN STATION,,0,7006,123331,1,1
11693,3031,2760355,PENN STATION,,0,7011,123331,1,1
11693,3031,2760356,PENN STATION,,0,7006,123331,1,1
11693,3031,2760357,PENN STATION,,0,7011,123331,1,1
11693,3031,2760358,PENN STATION,,0,7006,123331,1,1
11693,3031,2760359,PENN STATION,,0,7011,123331,1,1
11693,3031,2760360,PENN STATION,,0,7006,123331,1,1
11693,3031,2760361,NORTH AVE STATION,,0,7005,123338,1,1
11693,3031,2760362,NORTH AVE STATION,,0,7014,123336,1,1
11693,3031,2760363,NORTH AVE STATION,,0,7010,123336,1,1
11693,3031,2760364,HUNT VALLEY,,0,7004,123335,1,1
11693,3031,2760365,HUNT VALLEY,,0,7009,123335,1,1
11693,3031,2760366,HUNT VALLEY,,0,7003,123335,1,1
11693,3031,2760367,HUNT VALLEY,,0,7005,123335,1,1
11693,3031,2760368,HUNT VALLEY,,0,7014,123335,1,1
11693,3031,2760369,HUNT VALLEY,,0,7010,123335,1,1
11693,3031,2760370,HUNT VALLEY,,0,7004,123335,1,1
11693,3031,2760371,HUNT VALLEY,,0,7009,123335,1,1
11693,3031,2760372,HUNT VALLEY,,0,7003,123335,1,1
11693,3031,2760373,HUNT VALLEY,,0,7005,123335,1,1
11693,3031,2760374,HUNT VALLEY,,0,7014,123335,1,1
11693,3031,2760375,HUNT VALLEY,,0,7010,123335,1,1
11693,3031,2760376,HUNT VALLEY,,0,7004,123335,1,1
11693,3031,2760377,HUNT VALLEY,,0,7009,123335,1,1
11693,3031,2760378,HUNT VALLEY,,0,7003,123335,1,1
11693,3031,2760379,HUNT VALLEY,,0,7005,123335,1,1
11693,3031,2760380,HUNT VALLEY,,0,7014,123335,1,1
11693,3031,2760381,HUNT VALLEY,,0,7010,123335,1,1
11693,3031,2760382,HUNT VALLEY,,0,7004,123335,1,1
11693,3031,2760383,NORTH AVE STATION,,0,7002,123339,1,1
11693,3031,2760384,NORTH AVE STATION,,0,7012,123339,1,1
11693,3031,2760385,HUNT VALLEY,,0,7007,123340,1,1
11693,3031,2760386,HUNT VALLEY,,0,7001,123340,1,1
11693,3031,2760387,HUNT VALLEY,,0,7013,123340,1,1
11693,3031,2760388,HUNT VALLEY,,0,7008,123340,1,1
11693,3031,2760389,HUNT VALLEY,,0,7002,123340,1,1
11693,3031,2760390,HUNT VALLEY,,0,7012,123340,1,1
11693,3031,2760391,HUNT VALLEY,,0,7007,123340,1,1
11693,3031,2760392,HUNT VALLEY,,0,7001,123340,1,1
11693,3031,2760393,HUNT VALLEY,,0,7013,123340,1,1
11693,3031,2760394,HUNT VALLEY,,0,7008,123340,1,1
11693,3031,2760395,HUNT VALLEY,,0,7002,123340,1,1
11693,3031,2760396,HUNT VALLEY,,0,7012,123340,1,1
11693,3031,2760397,HUNT VALLEY,,0,7007,123340,1,1
11693,3031,2760398,HUNT VALLEY,,0,7001,123340,1,1
11693,3031,2760399,HUNT VALLEY,,0,7013,123340,1,1
11693,3031,2760400,HUNT VALLEY,,0,7008,123340,1,1
11693,3031,2760401,HUNT VALLEY,,0,7002,123340,1,1
11693,3031,2760402,HUNT VALLEY,,0,7012,123340,1,1
11693,3031,2760403,HUNT VALLEY,,0,7007,123340,1,1
11693,3031,2760404,HUNT VALLEY,,0,7001,123340,1,1
11693,3031,2760405,HUNT VALLEY,,0,7009,123337,1,1
11693,3031,2760406,HUNT VALLEY,,0,7003,123337,1,1
11693,3031,2760407,HUNT VALLEY,,0,7013,123330,1,1
11693,3031,2760408,HUNT VALLEY,,0,7008,123330,1,1
11693,3031,2760409,HUNT VALLEY,,0,7005,123330,1,1
11693,3031,2760411,CAMDEN YARDS,,1,7011,123343,1,1
11693,3031,2760412,CAMDEN YARDS,,1,7006,123343,1,1
11693,3031,2760413,CAMDEN YARDS,,1,7011,123343,1,1
11693,3031,2760414,CAMDEN YARDS,,1,7006,123343,1,1
11693,3031,2760415,CAMDEN YARDS,,1,7011,123343,1,1
11693,3031,2760416,CAMDEN YARDS,,1,7006,123343,1,1
11693,3031,2760417,CAMDEN YARDS,,1,7011,123343,1,1
11693,3031,2760418,CAMDEN YARDS,,1,7006,123343,1,1
11693,3031,2760419,CAMDEN YARDS,,1,7011,123343,1,1
11693,3031,2760420,CAMDEN YARDS,,1,7006,123343,1,1
11693,3031,2760421,CAMDEN YARDS,,1,7011,123343,1,1
11693,3031,2760422,CAMDEN YARDS,,1,7006,123343,1,1
11693,3031,2760423,CAMDEN YARDS,,1,7011,123343,1,1
11693,3031,2760424,CAMDEN YARDS,,1,7006,123343,1,1
11693,3031,2760425,CAMDEN YARDS,,1,7011,123343,1,1
11693,3031,2760426,CAMDEN YARDS,,1,7006,123343,1,1
11693,3031,2760427,CAMDEN YARDS,,1,7011,123343,1,1
11693,3031,2760428,CAMDEN YARDS,,1,7006,123343,1,1
11693,3031,2760429,CAMDEN YARDS,,1,7011,123343,1,1
11693,3031,2760430,CAMDEN YARDS,,1,7006,123343,1,1
11693,3031,2760431,CAMDEN YARDS,,1,7011,123343,1,1
11693,3031,2760432,CAMDEN YARDS,,1,7006,123343,1,1
11693,3031,2760433,PENN STATION,,1,7011,123347,1,1
11693,3031,2760434,PENN STATION,,1,7006,123347,1,1
11693,3031,2760435,CAMDEN STATION,,1,7009,123349,1,1
11693,3031,2760436,CAMDEN STATION,,1,7003,123349,1,1
11693,3031,2760438,CROMWELL STATION,,1,7012,123352,1,1
11693,3031,2760439,CROMWELL STATION,,1,7007,123352,1,1
11693,3031,2760440,BWI AIRPORT,,1,7014,123348,1,1
11693,3031,2760441,BWI AIRPORT,,1,7010,123348,1,1
11693,3031,2760442,BWI AIRPORT,,1,7004,123348,1,1
11693,3031,2760443,NORTH AVE STATION,,1,7004,123351,1,1
11693,3031,2760444,NORTH AVE STATION,,1,7009,123351,1,1
11693,3031,2760445,NORTH AVE STATION,,1,7003,123351,1,1
11693,3031,2760446,CAMDEN STATION,,1,7005,123350,1,1
11693,3031,2760447,BWI AIRPORT,,1,7014,123346,1,1
11693,3031,2760448,BWI AIRPORT,,1,7010,123346,1,1
11693,3031,2760449,BWI AIRPORT,,1,7004,123346,1,1
11693,3031,2760450,BWI AIRPORT,,1,7009,123346,1,1
11693,3031,2760451,BWI AIRPORT,,1,7003,123346,1,1
11693,3031,2760452,BWI AIRPORT,,1,7005,123346,1,1
11693,3031,2760453,BWI AIRPORT,,1,7014,123346,1,1
11693,3031,2760454,BWI AIRPORT,,1,7010,123346,1,1
11693,3031,2760455,BWI AIRPORT,,1,7004,123346,1,1
11693,3031,2760456,BWI AIRPORT,,1,7009,123346,1,1
11693,3031,2760457,BWI AIRPORT,,1,7003,123346,1,1
11693,3031,2760458,BWI AIRPORT,,1,7005,123346,1,1
11693,3031,2760459,BWI AIRPORT,,1,7014,123346,1,1
11693,3031,2760460,BWI AIRPORT,,1,7010,123346,1,1
11693,3031,2760461,BWI AIRPORT,,1,7004,123346,1,1
11693,3031,2760462,BWI AIRPORT,,1,7009,123346,1,1
11693,3031,2760463,BWI AIRPORT,,1,7003,123346,1,1
11693,3031,2760464,BWI AIRPORT,,1,7005,123346,1,1
11693,3031,2760465,NORTH AVE STATION,,1,7007,123351,1,1
11693,3031,2760466,NORTH AVE STATION,,1,7001,123351,1,1
11693,3031,2760467,NORTH AVE STATION,,1,7013,123351,1,1
11693,3031,2760468,NORTH AVE STATION,,1,7008,123351,1,1
11693,3031,2760469,CROMWELL STATION,,1,7002,123342,1,1
11693,3031,2760470,CROMWELL STATION,,1,7012,123342,1,1
11693,3031,2760471,CROMWELL STATION,,1,7007,123342,1,1
11693,3031,2760472,CROMWELL STATION,,1,7001,123342,1,1
11693,3031,2760473,CROMWELL STATION,,1,7013,123342,1,1
11693,3031,2760474,CROMWELL STATION,,1,7008,123342,1,1
11693,3031,2760475,CROMWELL STATION,,1,7002,123342,1,1
11693,3031,2760476,CROMWELL STATION,,1,7012,123342,1,1
11693,3031,2760477,CROMWELL STATION,,1,7007,123342,1,1
11693,3031,2760478,CROMWELL STATION,,1,7001,123342,1,1
11693,3031,2760479,CROMWELL STATION,,1,7013,123342,1,1
11693,3031,2760480,CROMWELL STATION,,1,7008,123342,1,1
11693,3031,2760481,CROMWELL STATION,,1,7002,123342,1,1
11693,3031,2760482,CROMWELL STATION,,1,7012,123342,1,1
11693,3031,2760483,CROMWELL STATION,,1,7007,123342,1,1
11693,3031,2760484,CROMWELL STATION,,1,7001,123342,1,1
11693,3031,2760485,CROMWELL STATION,,1,7013,123342,1,1
11693,3031,2760486,CROMWELL STATION,,1,7008,123342,1,1
11693,3031,2760487,CROMWELL STATION,,1,7002,123342,1,1
