trip_id,arrival_time,departure_time,stop_id,stop_sequence,stop_headsign,pickup_type,drop_off_type,shape_dist_traveled,timepoint
2496184,04:50:00,04:50:00,11943,0,,,,0,1
2496184,05:00:00,05:00:00,11946,1,,,,11.17,1
2496184,05:08:00,05:08:00,11947,2,,,,22.65,1
2496184,05:11:00,05:11:00,11948,3,,,,26.53,1
2496184,05:16:00,05:16:00,11949,4,,,,33.29,1
2496184,05:23:00,05:23:00,11950,5,,,,37.3,1
2496184,05:28:00,05:28:00,11951,6,,,,41.9,1
2496184,05:34:00,05:34:00,11952,7,,,,44.99,1
2496184,05:36:00,05:36:00,11953,8,,,,46.7,1
2496184,05:45:00,05:45:00,11954,9,,,,52.85,1
2496184,05:52:00,05:52:00,11956,10,,,,62.05,1
2496184,06:03:00,06:03:00,11957,11,,,,67.3,1
2496184,06:23:00,06:23:00,11958,12,,,,78.84,1
2496185,05:00:00,05:00:00,11944,0,,,,0,1
2496185,05:06:00,05:06:00,11945,1,,,,3.9,1
2496185,05:32:00,05:32:00,11947,2,,,,33.79,1
2496185,05:38:00,05:38:00,11949,3,,,,44.42,1
2496185,05:45:00,05:45:00,11950,4,,,,48.44,1
2496185,05:50:00,05:50:00,11951,5,,,,53.04,1
2496185,05:55:00,05:55:00,11952,6,,,,56.13,1
2496185,06:03:00,06:03:00,11954,7,,,,63.99,1
2496185,06:08:00,06:08:00,11955,8,,,,70.92,1
2496185,06:20:00,06:20:00,11957,9,,,,78.44,1
2496185,06:40:00,06:40:00,11958,10,,,,89.98,1
2496186,05:00:00,05:00:00,11940,0,,,,0,1
2496186,05:16:00,05:16:00,11941,1,,,,19.43,1
2496186,05:25:00,05:25:00,11942,2,,,,29.47,1
2496186,05:40:00,05:40:00,11943,3,,,,39.21,1
2496186,05:50:00,05:50:00,11946,4,,,,50.37,1
2496186,06:01:00,06:01:00,11948,5,,,,65.72,1
2496186,06:11:00,06:11:00,11950,6,,,,76.5,1
2496186,06:17:00,06:17:00,11951,7,,,,81.1,1
2496186,06:23:00,06:23:00,11952,8,,,,84.19,1
2496186,06:25:00,06:25:00,11953,9,,,,85.9,1
2496186,06:32:00,06:32:00,11954,10,,,,92.04,1
2496186,06:39:00,06:39:00,11956,11,,,,101.24,1
2496186,06:49:00,06:49:00,11957,12,,,,106.5,1
2496186,07:09:00,07:09:00,11958,13,,,,118.04,1
2496187,05:25:00,05:25:00,11940,0,,,,0,1
2496187,05:41:00,05:41:00,11941,1,,,,19.43,1
2496187,05:50:00,05:50:00,11942,2,,,,29.47,1
2496187,06:05:00,06:05:00,11943,3,,,,39.21,1
2496187,06:15:00,06:15:00,11946,4,,,,50.37,1
2496187,06:25:00,06:25:00,11948,5,,,,65.72,1
2496187,06:35:00,06:35:00,11950,6,,,,76.5,1
2496187,06:41:00,06:41:00,11951,7,,,,81.1,1
2496187,06:47:00,06:47:00,11952,8,,,,84.19,1
2496187,06:55:00,06:55:00,11954,9,,,,92.04,1
2496187,07:02:00,07:02:00,11956,10,,,,101.24,1
2496187,07:13:00,07:13:00,11957,11,,,,106.5,1
2496187,07:35:00,07:35:00,11958,12,,,,118.04,1
2496188,06:05:00,06:05:00,11944,0,,,,0,1
2496188,06:11:00,06:11:00,11945,1,,,,3.9,1
2496188,06:37:00,06:37:00,11947,2,,,,33.79,1
2496188,06:43:00,06:43:00,11949,3,,,,44.42,1
2496188,06:54:00,06:54:00,11950,4,,,,48.44,1
2496188,07:00:00,07:00:00,11951,5,,,,53.04,1
2496188,07:06:00,07:06:00,11952,6,,,,56.13,1
2496188,07:17:00,07:17:00,11954,7,,,,63.99,1
2496188,07:22:00,07:22:00,11955,8,,,,70.92,1
2496188,07:27:00,07:27:00,11956,9,,,,73.19,1
2496188,07:35:00,07:35:00,11957,10,,,,78.44,1
2496188,07:56:00,07:56:00,11958,11,,,,89.98,1
2496189,07:45:00,07:45:00,11943,0,,,,0,1
2496189,07:55:00,07:55:00,11946,1,,,,11.17,1
2496189,08:02:00,08:02:00,11947,2,,,,22.65,1
2496189,08:08:00,08:08:00,11948,3,,,,26.53,1
2496189,08:13:00,08:13:00,11949,4,,,,33.29,1
2496189,08:19:00,08:19:00,11950,5,,,,37.3,1
2496189,08:24:00,08:24:00,11951,6,,,,41.9,1
2496189,08:30:00,08:30:00,11952,7,,,,44.99,1
2496189,08:33:00,08:33:00,11953,8,,,,46.7,1
2496189,08:41:00,08:41:00,11954,9,,,,52.85,1
2496189,08:46:00,08:46:00,11955,10,,,,59.78,1
2496189,08:50:00,08:50:00,11956,11,,,,62.05,1
2496189,09:01:00,09:01:00,11957,12,,,,67.3,1
2496189,09:21:00,09:21:00,11958,13,,,,78.84,1
2496190,06:40:00,06:40:00,11943,0,,,,0,1
2496190,06:50:00,06:50:00,11946,1,,,,11.17,1
2496190,07:00:00,07:00:00,11948,2,,,,26.53,1
2496190,07:11:00,07:11:00,11950,3,,,,37.3,1
2496190,07:16:00,07:16:00,11951,4,,,,41.9,1
2496190,07:23:00,07:23:00,11952,5,,,,44.99,1
2496190,07:25:00,07:25:00,11953,6,,,,46.7,1
2496190,07:34:00,07:34:00,11954,7,,,,52.85,1
2496190,07:40:00,07:40:00,11955,8,,,,59.78,1
2496190,07:45:00,07:45:00,11956,9,,,,62.05,1
2496190,07:56:00,07:56:00,11957,10,,,,67.3,1
2496190,08:15:00,08:15:00,11958,11,,,,78.84,1
2496191,07:10:00,07:10:00,11944,0,,,,0,1
2496191,07:16:00,07:16:00,11945,1,,,,3.9,1
2496191,07:51:00,07:51:00,11950,2,,,,48.44,1
2496191,07:57:00,07:57:00,11951,3,,,,53.04,1
2496191,08:04:00,08:04:00,11952,4,,,,56.13,1
2496191,08:12:00,08:12:00,11954,5,,,,63.99,1
2496191,08:17:00,08:17:00,11955,6,,,,70.92,1
2496191,08:21:00,08:21:00,11956,7,,,,73.19,1
2496191,08:32:00,08:32:00,11957,8,,,,78.44,1
2496191,08:52:00,08:52:00,11958,9,,,,89.98,1
2496192,06:25:00,06:25:00,11940,0,,,,0,1
2496192,06:41:00,06:41:00,11941,1,,,,19.43,1
2496192,06:50:00,06:50:00,11942,2,,,,29.47,1
2496192,07:05:00,07:05:00,11943,3,,,,39.21,1
2496192,07:15:00,07:15:00,11946,4,,,,50.37,1
2496192,07:25:00,07:25:00,11948,5,,,,65.72,1
2496192,07:34:00,07:34:00,11950,6,,,,76.5,1
2496192,07:39:00,07:39:00,11951,7,,,,81.1,1
2496192,07:45:00,07:45:00,11952,8,,,,84.19,1
2496192,07:54:00,07:54:00,11954,9,,,,92.04,1
2496192,08:09:00,08:09:00,11957,10,,,,106.5,1
2496192,08:32:00,08:32:00,11958,11,,,,118.04,1
2496193,18:20:00,18:20:00,11958,0,,,,0,1
2496193,18:34:00,18:34:00,11959,1,,,,11.54,1
2496193,18:40:00,18:40:00,11960,2,,,,16.79,1
2496193,18:43:00,18:43:00,11961,3,,,,19.06,1
2496193,18:51:00,18:51:00,11962,4,,,,25.99,1
2496193,18:57:00,18:57:00,11964,5,,,,33.85,1
2496193,19:00:00,19:00:00,11965,6,,,,36.94,1
2496193,19:07:00,19:07:00,11966,7,,,,41.54,1
2496193,19:14:00,19:14:00,11968,8,,,,52.31,1
2496193,19:28:00,19:28:00,11970,9,,,,67.67,1
2496193,19:42:00,19:42:00,11973,10,,,,78.83,1
2496193,19:54:00,19:54:00,11974,11,,,,88.57,1
2496193,20:05:00,20:05:00,11975,12,,,,98.61,1
2496193,20:25:00,20:25:00,11940,13,,,,118.04,1
2496194,17:40:00,17:40:00,11958,0,,,,0,1
2496194,17:54:00,17:54:00,11959,1,,,,11.54,1
2496194,18:00:00,18:00:00,11960,2,,,,16.79,1
2496194,18:03:00,18:03:00,11961,3,,,,19.06,1
2496194,18:11:00,18:11:00,11962,4,,,,25.99,1
2496194,18:16:00,18:16:00,11963,5,,,,32.14,1
2496194,18:18:00,18:18:00,11964,6,,,,33.85,1
2496194,18:21:00,18:21:00,11965,7,,,,36.94,1
2496194,18:28:00,18:28:00,11966,8,,,,41.54,1
2496194,18:32:00,18:32:00,11967,9,,,,45.56,1
2496194,18:38:00,18:38:00,11968,10,,,,52.31,1
2496194,18:43:00,18:43:00,11969,11,,,,56.19,1
2496194,18:52:00,18:52:00,11970,12,,,,67.67,1
2496194,19:05:00,19:05:00,11973,13,,,,78.83,1
2496194,19:18:00,19:18:00,11974,14,,,,88.57,1
2496194,19:30:00,19:30:00,11975,15,,,,98.61,1
2496194,19:50:00,19:50:00,11940,16,,,,118.04,1
2496195,15:30:00,15:30:00,11958,0,,,,0,1
2496195,15:44:00,15:44:00,11959,1,,,,11.54,1
2496195,15:50:00,15:50:00,11960,2,,,,16.79,1
2496195,15:59:00,15:59:00,11962,3,,,,25.99,1
2496195,16:06:00,16:06:00,11964,4,,,,33.85,1
2496195,16:09:00,16:09:00,11965,5,,,,36.94,1
2496195,16:16:00,16:16:00,11966,6,,,,41.54,1
2496195,16:26:00,16:26:00,11968,7,,,,52.31,1
2496195,16:37:00,16:37:00,11970,8,,,,67.67,1
2496195,16:51:00,16:51:00,11973,9,,,,78.83,1
2496195,17:10:00,17:10:00,11974,10,,,,88.57,1
2496195,17:25:00,17:25:00,11975,11,,,,98.61,1
2496195,17:30:00,17:30:00,11940,12,,,,118.04,1
2496196,15:45:00,15:45:00,11958,0,,,,0,1
2496196,15:59:00,15:59:00,11959,1,,,,11.54,1
2496196,16:05:00,16:05:00,11961,2,,,,19.06,1
2496196,16:13:00,16:13:00,11962,3,,,,25.99,1
2496196,16:17:00,16:17:00,11963,4,,,,32.14,1
2496196,16:20:00,16:20:00,11964,5,,,,33.85,1
2496196,16:23:00,16:23:00,11965,6,,,,36.94,1
2496196,16:30:00,16:30:00,11966,7,,,,41.54,1
2496196,16:35:00,16:35:00,11967,8,,,,45.56,1
2496196,16:50:00,16:50:00,11969,9,,,,56.19,1
2496196,17:24:00,17:24:00,11971,10,,,,86.08,1
2496196,17:34:00,17:34:00,11972,11,,,,89.98,1
2496197,16:55:00,16:55:00,11958,0,,,,0,1
2496197,17:09:00,17:09:00,11959,1,,,,11.54,1
2496197,17:14:00,17:14:00,11960,2,,,,16.79,1
2496197,17:17:00,17:17:00,11961,3,,,,19.06,1
2496197,17:23:00,17:23:00,11962,4,,,,25.99,1
2496197,17:28:00,17:28:00,11963,5,,,,32.14,1
2496197,17:33:00,17:33:00,11964,6,,,,33.85,1
2496197,17:36:00,17:36:00,11965,7,,,,36.94,1
2496197,17:43:00,17:43:00,11966,8,,,,41.54,1
2496197,17:47:00,17:47:00,11967,9,,,,45.56,1
2496197,17:51:00,17:51:00,11968,10,,,,52.31,1
2496197,18:01:00,18:01:00,11969,11,,,,56.19,1
2496197,18:09:00,18:09:00,11970,12,,,,67.67,1
2496197,18:28:00,18:28:00,11973,13,,,,78.84,1
2496198,17:20:00,17:20:00,11958,0,,,,0,1
2496198,17:34:00,17:34:00,11959,1,,,,11.54,1
2496198,17:40:00,17:40:00,11960,2,,,,16.79,1
2496198,17:49:00,17:49:00,11962,3,,,,25.99,1
2496198,17:55:00,17:55:00,11964,4,,,,33.85,1
2496198,17:58:00,17:58:00,11965,5,,,,36.94,1
2496198,18:05:00,18:05:00,11966,6,,,,41.54,1
2496198,18:15:00,18:15:00,11968,7,,,,52.31,1
2496198,18:49:00,18:49:00,11971,8,,,,86.08,1
2496198,18:59:00,18:59:00,11972,9,,,,89.98,1
2496199,16:25:00,16:25:00,11958,0,,,,0,1
2496199,16:39:00,16:39:00,11959,1,,,,11.54,1
2496199,16:44:00,16:44:00,11960,2,,,,16.79,1
2496199,16:56:00,16:56:00,11962,3,,,,25.99,1
2496199,17:03:00,17:03:00,11964,4,,,,33.85,1
2496199,17:06:00,17:06:00,11965,5,,,,36.94,1
2496199,17:15:00,17:15:00,11966,6,,,,41.54,1
2496199,17:25:00,17:25:00,11968,7,,,,52.31,1
2496199,17:39:00,17:39:00,11970,8,,,,67.67,1
2496199,17:52:00,17:52:00,11973,9,,,,78.83,1
2496199,18:05:00,18:05:00,11974,10,,,,88.57,1
2496199,18:18:00,18:18:00,11975,11,,,,98.61,1
2496199,18:39:00,18:39:00,11940,12,,,,118.04,1
2496200,18:40:00,18:40:00,11958,0,,,,0,1
2496200,18:53:00,18:53:00,11959,1,,,,11.54,1
2496200,18:59:00,18:59:00,11960,2,,,,16.79,1
2496200,19:02:00,19:02:00,11961,3,,,,19.06,1
2496200,19:09:00,19:09:00,11962,4,,,,25.99,1
2496200,19:15:00,19:15:00,11963,5,,,,32.14,1
2496200,19:18:00,19:18:00,11964,6,,,,33.85,1
2496200,19:21:00,19:21:00,11965,7,,,,36.94,1
2496200,19:28:00,19:28:00,11966,8,,,,41.54,1
2496200,19:31:00,19:31:00,11967,9,,,,45.56,1
2496200,19:37:00,19:37:00,11968,10,,,,52.31,1
2496200,19:40:00,19:40:00,11969,11,,,,56.19,1
2496200,20:11:00,20:11:00,11971,12,,,,86.08,1
2496200,20:21:00,20:21:00,11972,13,,,,89.98,1
2496201,19:25:00,19:25:00,11958,0,,,,0,1
2496201,19:37:00,19:37:00,11959,1,,,,11.54,1
2496201,19:42:00,19:42:00,11960,2,,,,16.79,1
2496201,19:45:00,19:45:00,11961,3,,,,19.06,1
2496201,19:50:00,19:50:00,11962,4,,,,25.99,1
2496201,19:54:00,19:54:00,11963,5,,,,32.14,1
2496201,19:57:00,19:57:00,11964,6,,,,33.85,1
2496201,20:00:00,20:00:00,11965,7,,,,36.94,1
2496201,20:07:00,20:07:00,11966,8,,,,41.54,1
2496201,20:10:00,20:10:00,11967,9,,,,45.56,1
2496201,20:13:00,20:13:00,11968,10,,,,52.31,1
2496201,20:16:00,20:16:00,11969,11,,,,56.19,1
2496201,20:29:00,20:29:00,11970,12,,,,67.67,1
2496201,20:47:00,20:47:00,11973,13,,,,78.83,1
2496201,21:05:00,21:05:00,11974,14,,,,88.57,1
2496201,21:25:00,21:25:00,11975,15,,,,98.61,1
2496201,21:30:00,21:30:00,11940,16,,,,118.04,1
2496202,13:30:00,13:30:00,11958,0,,,,0,1
2496202,13:43:00,13:43:00,11959,1,,,,11.54,1
2496202,13:48:00,13:48:00,11960,2,,,,16.79,1
2496202,13:51:00,13:51:00,11961,3,,,,19.06,1
2496202,13:58:00,13:58:00,11962,4,,,,25.99,1
2496202,14:03:00,14:03:00,11963,5,,,,32.14,1
2496202,14:07:00,14:07:00,11964,6,,,,33.85,1
2496202,14:10:00,14:10:00,11965,7,,,,36.94,1
2496202,14:16:00,14:16:00,11966,8,,,,41.54,1
2496202,14:19:00,14:19:00,11967,9,,,,45.56,1
2496202,14:25:00,14:25:00,11968,10,,,,52.31,1
2496202,14:29:00,14:29:00,11969,11,,,,56.19,1
2496202,14:45:00,14:45:00,11970,12,,,,67.67,1
2496202,15:04:00,15:04:00,11973,13,,,,78.84,1
2496291,16:45:00,16:45:00,12008,0,,,,0,1
2496291,16:52:00,16:52:00,12010,1,,,,26.15,1
2496291,16:58:00,16:58:00,12012,2,,,,31.3,1
2496291,17:03:00,17:03:00,12013,3,,,,37.18,1
2496291,17:15:00,17:15:00,12015,4,,,,47.69,1
2496291,17:35:00,17:35:00,11958,5,,,,59.12,1
2496292,17:20:00,17:20:00,12006,0,,,,0,1
2496292,17:38:00,17:38:00,12008,1,,,,18.08,1
2496292,17:45:00,17:45:00,12010,2,,,,26.15,1
2496292,17:49:00,17:49:00,12011,3,,,,30.5,1
2496292,17:51:00,17:51:00,12012,4,,,,31.3,1
2496292,17:56:00,17:56:00,12013,5,,,,37.18,1
2496292,18:02:00,18:02:00,12014,6,,,,43.6,1
2496292,18:06:00,18:06:00,12015,7,,,,47.69,1
2496292,18:13:00,18:13:00,12016,8,,,,49.23,1
2496292,18:28:00,18:28:00,11958,9,,,,59.12,1
2496293,18:15:00,18:15:00,12006,0,,,,0,1
2496293,18:33:00,18:33:00,12008,1,,,,18.08,1
2496293,18:40:00,18:40:00,12010,2,,,,26.15,1
2496293,18:44:00,18:44:00,12011,3,,,,30.5,1
2496293,18:46:00,18:46:00,12012,4,,,,31.3,1
2496293,18:51:00,18:51:00,12013,5,,,,37.18,1
2496293,18:57:00,18:57:00,12014,6,,,,43.6,1
2496293,19:01:00,19:01:00,12015,7,,,,47.69,1
2496293,19:08:00,19:08:00,12016,8,,,,49.23,1
2496293,19:23:00,19:23:00,11958,9,,,,59.12,1
2496294,15:40:00,15:40:00,12006,0,,,,0,1
2496294,15:58:00,15:58:00,12008,1,,,,18.08,1
2496294,16:05:00,16:05:00,12010,2,,,,26.15,1
2496294,16:09:00,16:09:00,12011,3,,,,30.5,1
2496294,16:11:00,16:11:00,12012,4,,,,31.3,1
2496294,16:16:00,16:16:00,12013,5,,,,37.18,1
2496294,16:22:00,16:22:00,12014,6,,,,43.6,1
2496294,16:26:00,16:26:00,12015,7,,,,47.69,1
2496294,16:50:00,16:50:00,11958,8,,,,59.12,1
2496295,08:05:00,08:05:00,12006,0,,,,0,1
2496295,08:16:00,08:16:00,12007,1,,,,10.78,1
2496295,08:25:00,08:25:00,12008,2,,,,18.08,1
2496295,08:32:00,08:32:00,12010,3,,,,26.15,1
2496295,08:38:00,08:38:00,12012,4,,,,31.3,1
2496295,08:44:00,08:44:00,12013,5,,,,37.18,1
2496295,08:50:00,08:50:00,12014,6,,,,43.6,1
2496295,08:54:00,08:54:00,12015,7,,,,47.69,1
2496295,09:01:00,09:01:00,12016,8,,,,49.23,1
2496295,09:12:00,09:12:00,11958,9,,,,59.12,1
2496296,07:10:00,07:10:00,12006,0,,,,0,1
2496296,07:29:00,07:29:00,12008,1,,,,18.08,1
2496296,07:37:00,07:37:00,12010,2,,,,26.15,1
2496296,07:44:00,07:44:00,12012,3,,,,31.3,1
2496296,07:49:00,07:49:00,12013,4,,,,37.18,1
2496296,08:01:00,08:01:00,12015,5,,,,47.69,1
2496296,08:21:00,08:21:00,11958,6,,,,59.12,1
2496297,06:30:00,06:30:00,12006,0,,,,0,1
2496297,06:41:00,06:41:00,12007,1,,,,10.78,1
2496297,06:50:00,06:50:00,12008,2,,,,18.08,1
2496297,06:53:00,06:53:00,12009,3,,,,22.34,1
2496297,06:58:00,06:58:00,12010,4,,,,26.15,1
2496297,07:05:00,07:05:00,12012,5,,,,31.3,1
2496297,07:11:00,07:11:00,12013,6,,,,37.18,1
2496297,07:17:00,07:17:00,12014,7,,,,43.6,1
2496297,07:21:00,07:21:00,12015,8,,,,47.69,1
2496297,07:28:00,07:28:00,12016,9,,,,49.23,1
2496297,07:44:00,07:44:00,11958,10,,,,59.12,1
2496298,06:10:00,06:10:00,12006,0,,,,0,1
2496298,06:28:00,06:28:00,12008,1,,,,18.08,1
2496298,06:34:00,06:34:00,12010,2,,,,26.15,1
2496298,06:40:00,06:40:00,12012,3,,,,31.3,1
2496298,06:46:00,06:46:00,12013,4,,,,37.18,1
2496298,06:53:00,06:53:00,12014,5,,,,43.6,1
2496298,06:58:00,06:58:00,12015,6,,,,47.69,1
2496298,07:04:00,07:04:00,12016,7,,,,49.23,1
2496298,07:18:00,07:18:00,11958,8,,,,59.12,1
2496299,05:30:00,05:30:00,12006,0,,,,0,1
2496299,05:47:00,05:47:00,12008,1,,,,18.08,1
2496299,05:54:00,05:54:00,12010,2,,,,26.15,1
2496299,06:00:00,06:00:00,12012,3,,,,31.3,1
2496299,06:06:00,06:06:00,12013,4,,,,37.18,1
2496299,06:29:00,06:29:00,11958,5,,,,59.12,1
2496300,05:00:00,05:00:00,12006,0,,,,0,1
2496300,05:11:00,05:11:00,12007,1,,,,10.78,1
2496300,05:18:00,05:18:00,12008,2,,,,18.08,1
2496300,05:25:00,05:25:00,12010,3,,,,26.15,1
2496300,05:31:00,05:31:00,12012,4,,,,31.3,1
2496300,05:36:00,05:36:00,12013,5,,,,37.18,1
2496300,05:42:00,05:42:00,12014,6,,,,43.6,1
2496300,05:46:00,05:46:00,12015,7,,,,47.69,1
2496300,05:55:00,05:55:00,12016,8,,,,49.23,1
2496300,06:09:00,06:09:00,11958,9,,,,59.12,1
2496301,18:55:00,18:55:00,11958,0,,,,0,1
2496301,19:05:00,19:05:00,12017,1,,,,9.89,1
2496301,19:07:00,19:07:00,12018,2,,,,11.43,1
2496301,19:12:00,19:12:00,12019,3,,,,15.52,1
2496301,19:18:00,19:18:00,12020,4,,,,21.93,1
2496301,19:25:00,19:25:00,12021,5,,,,27.82,1
2496301,19:31:00,19:31:00,12023,6,,,,32.96,1
2496301,19:42:00,19:42:00,12025,7,,,,41.09,1
2496301,19:51:00,19:51:00,12026,8,,,,48.34,1
2496301,20:03:00,20:03:00,12006,9,,,,59.12,1
2496302,19:45:00,19:45:00,11958,0,,,,0,1
2496302,19:55:00,19:55:00,12017,1,,,,9.89,1
2496302,19:58:00,19:58:00,12018,2,,,,11.43,1
2496302,20:01:00,20:01:00,12019,3,,,,15.52,1
2496302,20:07:00,20:07:00,12020,4,,,,21.93,1
2496302,20:13:00,20:13:00,12021,5,,,,27.82,1
2496302,20:18:00,20:18:00,12023,6,,,,32.96,1
2496302,20:29:00,20:29:00,12025,7,,,,41.09,1
2496302,20:55:00,20:55:00,12006,8,,,,59.12,1
2496303,17:58:00,17:58:00,11958,0,,,,0,1
2496303,18:10:00,18:10:00,12018,1,,,,11.43,1
2496303,18:17:00,18:17:00,12020,2,,,,21.93,1
2496303,18:24:00,18:24:00,12021,3,,,,27.82,1
2496303,18:30:00,18:30:00,12023,4,,,,32.96,1
2496303,18:42:00,18:42:00,12025,5,,,,41.09,1
2496303,19:13:00,19:13:00,12006,6,,,,59.12,1
2496304,17:22:00,17:22:00,11958,0,,,,0,1
2496304,17:32:00,17:32:00,12017,1,,,,9.89,1
2496304,17:34:00,17:34:00,12018,2,,,,11.43,1
2496304,17:39:00,17:39:00,12019,3,,,,15.52,1
2496304,17:45:00,17:45:00,12020,4,,,,21.93,1
2496304,17:52:00,17:52:00,12021,5,,,,27.82,1
2496304,17:58:00,17:58:00,12023,6,,,,32.96,1
2496304,18:01:00,18:01:00,12024,7,,,,36.77,1
2496304,18:12:00,18:12:00,12025,8,,,,41.09,1
2496304,18:34:00,18:34:00,12026,9,,,,48.34,1
2496304,18:41:00,18:41:00,12006,10,,,,59.12,1
2496305,16:43:00,16:43:00,11958,0,,,,0,1
2496305,16:53:00,16:53:00,12017,1,,,,9.89,1
2496305,16:56:00,16:56:00,12018,2,,,,11.43,1
2496305,17:01:00,17:01:00,12019,3,,,,15.52,1
2496305,17:07:00,17:07:00,12020,4,,,,21.93,1
2496305,17:14:00,17:14:00,12021,5,,,,27.82,1
2496305,17:20:00,17:20:00,12023,6,,,,32.96,1
2496305,17:32:00,17:32:00,12025,7,,,,41.09,1
2496305,17:42:00,17:42:00,12026,8,,,,48.34,1
2496305,18:00:00,18:00:00,12006,9,,,,59.12,1
2496306,16:13:00,16:13:00,11958,0,,,,0,1
2496306,16:24:00,16:24:00,12018,1,,,,11.43,1
2496306,16:32:00,16:32:00,12020,2,,,,21.93,1
2496306,16:39:00,16:39:00,12021,3,,,,27.82,1
2496306,16:45:00,16:45:00,12023,4,,,,32.96,1
2496306,16:57:00,16:57:00,12025,5,,,,41.09,1
2496306,17:25:00,17:25:00,12006,6,,,,59.12,1
2496307,15:30:00,15:30:00,11958,0,,,,0,1
2496307,15:41:00,15:41:00,12018,1,,,,11.43,1
2496307,15:48:00,15:48:00,12020,2,,,,21.93,1
2496307,15:55:00,15:55:00,12021,3,,,,27.82,1
2496307,16:01:00,16:01:00,12023,4,,,,32.96,1
2496307,16:20:00,16:20:00,12025,5,,,,59.12,1
2496308,08:00:00,08:00:00,11958,0,,,,0,1
2496308,08:11:00,08:11:00,12018,1,,,,11.43,1
2496308,08:16:00,08:16:00,12019,2,,,,15.52,1
2496308,08:22:00,08:22:00,12020,3,,,,21.93,1
2496308,08:29:00,08:29:00,12021,4,,,,27.82,1
2496308,08:35:00,08:35:00,12023,5,,,,32.96,1
2496308,08:46:00,08:46:00,12025,6,,,,41.09,1
2496308,09:08:00,09:08:00,12006,7,,,,59.12,1
2496309,07:40:00,07:40:00,11958,0,,,,0,1
2496309,07:50:00,07:50:00,12018,1,,,,11.43,1
2496309,07:55:00,07:55:00,12019,2,,,,15.52,1
2496309,08:00:00,08:00:00,12020,3,,,,21.93,1
2496309,08:07:00,08:07:00,12021,4,,,,27.82,1
2496309,08:13:00,08:13:00,12023,5,,,,32.96,1
2496309,08:24:00,08:24:00,12025,6,,,,41.09,1
2496309,08:48:00,08:48:00,12006,7,,,,59.12,1
2496310,07:00:00,07:00:00,11958,0,,,,0,1
2496310,07:10:00,07:10:00,12017,1,,,,9.89,1
2496310,07:12:00,07:12:00,12018,2,,,,11.43,1
2496310,07:17:00,07:17:00,12019,3,,,,15.52,1
2496310,07:23:00,07:23:00,12020,4,,,,21.93,1
2496310,07:30:00,07:30:00,12021,5,,,,27.82,1
2496310,07:36:00,07:36:00,12023,6,,,,32.96,1
2496310,07:47:00,07:47:00,12025,7,,,,41.09,1
2496310,08:12:00,08:12:00,12006,8,,,,59.12,1
2496311,06:32:00,06:32:00,11958,0,,,,0,1
2496311,06:42:00,06:42:00,12017,1,,,,9.89,1
2496311,06:44:00,06:44:00,12018,2,,,,11.43,1
2496311,06:49:00,06:49:00,12019,3,,,,15.52,1
2496311,06:55:00,06:55:00,12020,4,,,,21.93,1
2496311,07:02:00,07:02:00,12021,5,,,,27.82,1
2496311,07:08:00,07:08:00,12023,6,,,,32.96,1
2496311,07:19:00,07:19:00,12025,7,,,,41.09,1
2496311,07:43:00,07:43:00,12006,8,,,,59.12,1
2566888,05:45:00,05:45:00,11979,0,,,,0,1
2566888,06:01:00,06:01:00,11980,1,,,,18.33,1
2566889,08:25:00,08:25:00,11976,0,,,,0,1
2566889,08:33:00,08:33:00,11977,1,,,,9.63,1
2566889,08:43:00,08:43:00,11978,2,,,,25.24,1
2566889,08:55:00,08:55:00,11979,3,,,,39.6,1
2566889,09:10:00,09:10:00,11980,4,,,,58.34,1
2566889,09:17:00,09:17:00,11981,5,,,,62.68,1
2566889,09:23:00,09:23:00,11982,6,,,,69.95,1
2566889,09:30:00,09:30:00,11984,7,,,,75.19,1
2566889,09:37:00,09:37:00,11985,8,,,,87.07,1
2566889,09:43:00,09:43:00,11986,9,,,,95.99,1
2566889,09:49:00,09:49:00,11987,10,,,,104.78,1
2566889,09:53:00,09:53:00,11988,11,,,,108.79,1
2566889,10:10:00,10:10:00,11958,12,,,,122.78,1
2566890,08:50:00,08:50:00,11980,0,,,,0,1
2566890,08:58:00,08:58:00,11981,1,,,,4.38,1
2566890,09:05:00,09:05:00,11982,2,,,,11.65,1
2566890,09:12:00,09:12:00,11984,3,,,,16.89,1
2566890,09:19:00,09:19:00,11985,4,,,,28.77,1
2566890,09:26:00,09:26:00,11986,5,,,,37.68,1
2566890,09:32:00,09:32:00,11987,6,,,,46.48,1
2566890,09:36:00,09:36:00,11988,7,,,,50.48,1
2566890,09:53:00,09:53:00,11958,8,,,,64.47,1
2566891,04:15:00,04:15:00,11980,0,,,,0,1
2566891,04:22:00,04:22:00,11981,1,,,,4.38,1
2566891,04:28:00,04:28:00,11982,2,,,,11.65,1
2566891,04:35:00,04:35:00,11984,3,,,,16.89,1
2566891,04:42:00,04:42:00,11985,4,,,,28.77,1
2566891,04:48:00,04:48:00,11986,5,,,,37.68,1
2566891,04:54:00,04:54:00,11987,6,,,,46.48,1
2566891,04:58:00,04:58:00,11988,7,,,,50.48,1
2566891,05:15:00,05:15:00,11958,8,,,,64.47,1
2566892,05:40:00,05:40:00,11980,0,,,,0,1
2566892,05:48:00,05:48:00,11981,1,,,,4.38,1
2566892,05:55:00,05:55:00,11982,2,,,,11.65,1
2566892,06:02:00,06:02:00,11984,3,,,,16.89,1
2566892,06:09:00,06:09:00,11985,4,,,,28.77,1
2566892,06:16:00,06:16:00,11986,5,,,,37.68,1
2566892,06:22:00,06:22:00,11987,6,,,,46.48,1
2566892,06:28:00,06:28:00,11988,7,,,,50.48,1
2566892,06:43:00,06:43:00,11958,8,,,,64.47,1
2566893,04:30:00,04:30:00,11976,0,,,,0,1
2566893,04:38:00,04:38:00,11977,1,,,,9.63,1
2566893,04:48:00,04:48:00,11978,2,,,,25.24,1
2566893,05:00:00,05:00:00,11979,3,,,,39.6,1
2566893,05:15:00,05:15:00,11980,4,,,,58.34,1
2566893,05:23:00,05:23:00,11981,5,,,,62.68,1
2566893,05:30:00,05:30:00,11982,6,,,,69.95,1
2566893,05:37:00,05:37:00,11984,7,,,,75.19,1
2566893,05:44:00,05:44:00,11985,8,,,,87.07,1
2566893,05:51:00,05:51:00,11986,9,,,,95.99,1
2566893,06:01:00,06:01:00,11988,10,,,,108.79,1
2566893,06:15:00,06:15:00,11958,11,,,,122.78,1
2566894,06:15:00,06:15:00,11980,0,,,,0,1
2566894,06:23:00,06:23:00,11981,1,,,,4.34,1
2566894,06:30:00,06:30:00,11982,2,,,,11.61,1
2566894,06:37:00,06:37:00,11984,3,,,,16.85,1
2566894,06:44:00,06:44:00,11985,4,,,,28.73,1
2566894,06:55:00,06:55:00,11988,5,,,,50.45,1
2566894,07:10:00,07:10:00,11958,6,,,,64.44,1
2566895,05:45:00,05:45:00,11976,0,,,,0,1
2566895,05:53:00,05:53:00,11977,1,,,,9.63,1
2566895,06:03:00,06:03:00,11978,2,,,,25.24,1
2566895,06:15:00,06:15:00,11979,3,,,,39.6,1
2566895,06:30:00,06:30:00,11980,4,,,,58.34,1
2566895,06:49:00,06:49:00,11985,5,,,,87.07,1
2566895,06:56:00,06:56:00,11986,6,,,,95.99,1
2566895,07:02:00,07:02:00,11987,7,,,,104.78,1
2566895,07:08:00,07:08:00,11988,8,,,,108.79,1
2566895,07:24:00,07:24:00,11958,9,,,,122.78,1
2566896,06:40:00,06:40:00,11980,0,,,,0,1
2566896,06:48:00,06:48:00,11981,1,,,,4.38,1
2566896,06:55:00,06:55:00,11982,2,,,,11.65,1
2566896,07:02:00,07:02:00,11984,3,,,,16.89,1
2566896,07:09:00,07:09:00,11985,4,,,,28.77,1
2566896,07:16:00,07:16:00,11986,5,,,,37.68,1
2566896,07:22:00,07:22:00,11987,6,,,,46.48,1
2566896,07:28:00,07:28:00,11988,7,,,,50.48,1
2566896,07:43:00,07:43:00,11958,8,,,,64.47,1
2566897,06:33:00,06:33:00,11976,0,,,,0,1
2566897,06:41:00,06:41:00,11977,1,,,,9.63,1
2566897,06:51:00,06:51:00,11978,2,,,,25.24,1
2566897,07:03:00,07:03:00,11979,3,,,,39.6,1
2566897,07:23:00,07:23:00,11980,4,,,,58.34,1
2566897,07:31:00,07:31:00,11981,5,,,,62.68,1
2566897,07:38:00,07:38:00,11982,6,,,,69.95,1
2566897,07:45:00,07:45:00,11984,7,,,,75.19,1
2566897,07:52:00,07:52:00,11985,8,,,,87.07,1
2566897,08:06:00,08:06:00,11988,9,,,,108.79,1
2566897,08:22:00,08:22:00,11958,10,,,,122.78,1
2566898,07:00:00,07:00:00,11980,0,,,,0,1
2566898,07:08:00,07:08:00,11981,1,,,,4.38,1
2566898,07:15:00,07:15:00,11982,2,,,,11.65,1
2566898,07:22:00,07:22:00,11984,3,,,,16.89,1
2566898,07:29:00,07:29:00,11985,4,,,,28.77,1
2566898,07:36:00,07:36:00,11986,5,,,,37.68,1
2566898,07:42:00,07:42:00,11987,6,,,,46.48,1
2566898,07:48:00,07:48:00,11988,7,,,,50.48,1
2566898,08:02:00,08:02:00,11958,8,,,,64.47,1
2566899,07:45:00,07:45:00,11980,0,,,,0,1
2566899,07:53:00,07:53:00,11981,1,,,,4.38,1
2566899,08:00:00,08:00:00,11982,2,,,,11.65,1
2566899,08:07:00,08:07:00,11984,3,,,,16.89,1
2566899,08:14:00,08:14:00,11985,4,,,,28.77,1
2566899,08:21:00,08:21:00,11986,5,,,,37.68,1
2566899,08:27:00,08:27:00,11987,6,,,,46.48,1
2566899,08:33:00,08:33:00,11988,7,,,,50.48,1
2566899,08:48:00,08:48:00,11958,8,,,,64.47,1
2566900,08:15:00,08:15:00,11980,0,,,,0,1
2566900,08:30:00,08:30:00,11984,1,,,,16.85,1
2566900,08:37:00,08:37:00,11985,2,,,,28.73,1
2566900,08:44:00,08:44:00,11986,3,,,,37.65,1
2566900,08:52:00,08:52:00,11988,4,,,,50.45,1
2566900,09:07:00,09:07:00,11958,5,,,,64.44,1
2566901,10:28:00,10:28:00,11980,0,,,,0,1
2566901,10:35:00,10:35:00,11981,1,,,,4.38,1
2566901,10:41:00,10:41:00,11982,2,,,,11.65,1
2566901,10:48:00,10:48:00,11984,3,,,,16.89,1
2566901,10:55:00,10:55:00,11985,4,,,,28.77,1
2566901,11:01:00,11:01:00,11986,5,,,,37.68,1
2566901,11:07:00,11:07:00,11987,6,,,,46.48,1
2566901,11:11:00,11:11:00,11988,7,,,,50.48,1
2566901,11:28:00,11:28:00,11958,8,,,,64.47,1
2566902,11:35:00,11:35:00,11980,0,,,,0,1
2566902,11:42:00,11:42:00,11981,1,,,,4.38,1
2566902,11:48:00,11:48:00,11982,2,,,,11.65,1
2566902,11:55:00,11:55:00,11984,3,,,,16.89,1
2566902,12:02:00,12:02:00,11985,4,,,,28.77,1
2566902,12:08:00,12:08:00,11986,5,,,,37.68,1
2566902,12:14:00,12:14:00,11987,6,,,,46.48,1
2566902,12:18:00,12:18:00,11988,7,,,,50.48,1
2566902,12:35:00,12:35:00,11958,8,,,,64.47,1
2566903,12:35:00,12:35:00,11980,0,,,,0,1
2566903,12:42:00,12:42:00,11981,1,,,,4.38,1
2566903,12:48:00,12:48:00,11982,2,,,,11.65,1
2566903,12:55:00,12:55:00,11984,3,,,,16.89,1
2566903,13:02:00,13:02:00,11985,4,,,,28.77,1
2566903,13:08:00,13:08:00,11986,5,,,,37.68,1
2566903,13:14:00,13:14:00,11987,6,,,,46.48,1
2566903,13:18:00,13:18:00,11988,7,,,,50.48,1
2566903,13:35:00,13:35:00,11958,8,,,,64.47,1
2566904,13:30:00,13:30:00,11980,0,,,,0,1
2566904,13:37:00,13:37:00,11981,1,,,,4.34,1
2566904,13:43:00,13:43:00,11982,2,,,,11.61,1
2566904,13:50:00,13:50:00,11984,3,,,,16.85,1
2566904,13:57:00,13:57:00,11985,4,,,,28.73,1
2566904,14:03:00,14:03:00,11986,5,,,,37.65,1
2566904,14:11:00,14:11:00,11988,6,,,,50.45,1
2566904,14:28:00,14:28:00,11958,7,,,,64.44,1
2566905,14:35:00,14:35:00,11980,0,,,,0,1
2566905,14:42:00,14:42:00,11981,1,,,,4.38,1
2566905,14:48:00,14:48:00,11982,2,,,,11.65,1
2566905,14:55:00,14:55:00,11984,3,,,,16.89,1
2566905,15:02:00,15:02:00,11985,4,,,,28.77,1
2566905,15:08:00,15:08:00,11986,5,,,,37.68,1
2566905,15:14:00,15:14:00,11987,6,,,,46.48,1
2566905,15:18:00,15:18:00,11988,7,,,,50.48,1
2566905,15:35:00,15:35:00,11958,8,,,,64.47,1
2566906,14:35:00,14:35:00,11976,0,,,,0,1
2566906,14:42:00,14:42:00,11977,1,,,,9.63,1
2566906,14:51:00,14:51:00,11978,2,,,,25.24,1
2566906,15:02:00,15:02:00,11979,3,,,,39.6,1
2566906,15:25:00,15:25:00,11980,4,,,,58.34,1
2566906,15:39:00,15:39:00,11984,5,,,,75.19,1
2566906,15:56:00,15:56:00,11988,6,,,,108.79,1
2566906,16:11:00,16:11:00,11958,7,,,,122.78,1
2566907,16:52:00,16:52:00,11980,0,,,,0,1
2566907,17:06:00,17:06:00,11984,1,,,,16.85,1
2566907,17:13:00,17:13:00,11985,2,,,,28.73,1
2566907,17:19:00,17:19:00,11986,3,,,,37.65,1
2566907,17:25:00,17:25:00,11987,4,,,,46.44,1
2566907,17:29:00,17:29:00,11988,5,,,,50.45,1
2566907,17:46:00,17:46:00,11958,6,,,,64.44,1
2566908,17:45:00,17:45:00,11958,0,,,,0,1
2566908,17:51:00,17:51:00,11989,1,,,,13.99,1
2566908,17:56:00,17:56:00,11990,2,,,,17.99,1
2566908,18:01:00,18:01:00,11991,3,,,,26.78,1
2566908,18:08:00,18:08:00,11992,4,,,,35.7,1
2566908,18:14:00,18:14:00,11993,5,,,,47.59,1
2566908,18:20:00,18:20:00,11994,6,,,,52.82,1
2566908,18:25:00,18:25:00,11995,7,,,,60.09,1
2566908,18:42:00,18:42:00,12002,8,,,,64.44,1
2566909,21:37:00,21:37:00,11980,0,,,,0,1
2566909,21:44:00,21:44:00,11981,1,,,,4.38,1
2566909,21:50:00,21:50:00,11982,2,,,,11.65,1
2566909,21:57:00,21:57:00,11984,3,,,,16.89,1
2566909,22:04:00,22:04:00,11985,4,,,,28.77,1
2566909,22:10:00,22:10:00,11986,5,,,,37.68,1
2566909,22:16:00,22:16:00,11987,6,,,,46.48,1
2566909,22:20:00,22:20:00,11988,7,,,,50.48,1
2566909,22:37:00,22:37:00,11958,8,,,,64.47,1
2566910,18:35:00,18:35:00,11980,0,,,,0,1
2566910,18:49:00,18:49:00,11984,1,,,,16.85,1
2566910,18:56:00,18:56:00,11985,2,,,,28.73,1
2566910,19:02:00,19:02:00,11986,3,,,,37.65,1
2566910,19:10:00,19:10:00,11988,4,,,,50.45,1
2566910,19:25:00,19:25:00,11958,5,,,,64.44,1
2566911,19:35:00,19:35:00,11980,0,,,,0,1
2566911,19:49:00,19:49:00,11984,1,,,,16.85,1
2566911,19:56:00,19:56:00,11985,2,,,,28.73,1
2566911,20:02:00,20:02:00,11986,3,,,,37.65,1
2566911,20:10:00,20:10:00,11988,4,,,,50.45,1
2566911,20:25:00,20:25:00,11958,5,,,,64.44,1
2566912,15:45:00,15:45:00,11980,0,,,,0,1
2566912,15:52:00,15:52:00,11981,1,,,,4.38,1
2566912,15:58:00,15:58:00,11982,2,,,,11.65,1
2566912,16:05:00,16:05:00,11984,3,,,,16.89,1
2566912,16:12:00,16:12:00,11985,4,,,,28.77,1
2566912,16:18:00,16:18:00,11986,5,,,,37.68,1
2566912,16:24:00,16:24:00,11987,6,,,,46.48,1
2566912,16:28:00,16:28:00,11988,7,,,,50.48,1
2566912,16:45:00,16:45:00,11958,8,,,,64.47,1
2566913,04:45:00,04:45:00,11980,0,,,,0,1
2566913,04:52:00,04:52:00,11981,1,,,,4.38,1
2566913,04:58:00,04:58:00,11982,2,,,,11.65,1
2566913,05:05:00,05:05:00,11984,3,,,,16.89,1
2566913,05:12:00,05:12:00,11985,4,,,,28.77,1
2566913,05:18:00,05:18:00,11986,5,,,,37.68,1
2566913,05:24:00,05:24:00,11987,6,,,,46.48,1
2566913,05:28:00,05:28:00,11988,7,,,,50.48,1
2566913,05:45:00,05:45:00,11958,8,,,,64.47,1
2566914,18:25:00,18:25:00,11976,0,,,,0,1
2566914,18:33:00,18:33:00,11977,1,,,,9.63,1
2566914,18:43:00,18:43:00,11978,2,,,,25.24,1
2566914,18:55:00,18:55:00,11979,3,,,,39.6,1
2566914,19:08:00,19:08:00,11980,4,,,,58.34,1
2566915,17:35:00,17:35:00,11980,0,,,,0,1
2566915,17:55:00,17:55:00,11985,1,,,,28.73,1
2566915,18:02:00,18:02:00,11986,2,,,,37.65,1
2566915,18:08:00,18:08:00,11987,3,,,,46.44,1
2566915,18:11:00,18:11:00,11988,4,,,,50.45,1
2566915,18:27:00,18:27:00,11958,5,,,,64.44,1
2566916,15:55:00,15:55:00,11979,0,,,,0,1
2566916,16:22:00,16:22:00,11980,1,,,,18.33,1
2566916,16:36:00,16:36:00,11984,2,,,,35.18,1
2566916,16:43:00,16:43:00,11985,3,,,,47.06,1
2566916,16:49:00,16:49:00,11986,4,,,,55.98,1
2566916,16:57:00,16:57:00,11988,5,,,,68.78,1
2566916,17:14:00,17:14:00,11958,6,,,,82.76,1
2566917,05:42:00,05:42:00,11958,0,,,,0,1
2566917,05:53:00,05:53:00,11989,1,,,,13.99,1
2566917,05:57:00,05:57:00,11990,2,,,,17.99,1
2566917,06:03:00,06:03:00,11991,3,,,,26.78,1
2566917,06:09:00,06:09:00,11992,4,,,,35.7,1
2566917,06:16:00,06:16:00,11993,5,,,,47.59,1
2566917,06:21:00,06:21:00,11994,6,,,,52.82,1
2566917,06:26:00,06:26:00,11995,7,,,,60.09,1
2566917,06:40:00,06:40:00,12002,8,,,,64.44,1
2566918,06:30:00,06:30:00,11958,0,,,,0,1
2566918,06:41:00,06:41:00,11989,1,,,,13.99,1
2566918,06:55:00,06:55:00,11992,2,,,,35.7,1
2566918,07:02:00,07:02:00,11993,3,,,,47.59,1
2566918,07:23:00,07:23:00,12002,4,,,,64.44,1
2566919,06:10:00,06:10:00,11958,0,,,,0,1
2566919,06:21:00,06:21:00,11989,1,,,,13.99,1
2566919,06:34:00,06:34:00,11992,2,,,,35.7,1
2566919,06:41:00,06:41:00,11993,3,,,,47.59,1
2566919,07:04:00,07:04:00,12002,4,,,,64.44,1
2566919,07:15:00,07:15:00,12003,5,,,,83.18,1
2566919,07:31:00,07:31:00,12004,6,,,,97.54,1
2566919,07:39:00,07:39:00,12005,7,,,,113.14,1
2566919,07:49:00,07:49:00,11976,8,,,,122.78,1
2566920,07:05:00,07:05:00,11958,0,,,,0,1
2566920,07:46:00,07:46:00,12002,1,,,,47.59,1
2566921,07:55:00,07:55:00,11958,0,,,,0,1
2566921,08:06:00,08:06:00,11989,1,,,,13.99,1
2566921,08:17:00,08:17:00,11991,2,,,,26.78,1
2566921,08:23:00,08:23:00,11992,3,,,,35.7,1
2566921,08:32:00,08:32:00,11993,4,,,,47.59,1
2566921,08:38:00,08:38:00,11994,5,,,,52.82,1
2566921,08:44:00,08:44:00,11995,6,,,,60.09,1
2566921,08:56:00,08:56:00,12002,7,,,,64.44,1
2566921,09:17:00,09:17:00,12003,8,,,,82.76,1
2566922,09:40:00,09:40:00,11958,0,,,,0,1
2566922,09:51:00,09:51:00,11989,1,,,,13.99,1
2566922,09:55:00,09:55:00,11990,2,,,,17.99,1
2566922,10:01:00,10:01:00,11991,3,,,,26.78,1
2566922,10:07:00,10:07:00,11992,4,,,,35.7,1
2566922,10:18:00,10:18:00,11993,5,,,,47.59,1
2566922,10:24:00,10:24:00,11994,6,,,,52.82,1
2566922,10:30:00,10:30:00,11995,7,,,,60.09,1
2566922,10:44:00,10:44:00,12002,8,,,,64.44,1
2566923,10:15:00,10:15:00,11958,0,,,,0,1
2566923,10:26:00,10:26:00,11989,1,,,,13.99,1
2566923,10:30:00,10:30:00,11990,2,,,,17.99,1
2566923,10:36:00,10:36:00,11991,3,,,,26.78,1
2566923,10:42:00,10:42:00,11992,4,,,,35.7,1
2566923,10:49:00,10:49:00,11993,5,,,,47.59,1
2566923,10:55:00,10:55:00,11994,6,,,,52.82,1
2566923,11:01:00,11:01:00,11995,7,,,,60.09,1
2566923,11:15:00,11:15:00,12002,8,,,,64.44,1
2566924,11:15:00,11:15:00,11958,0,,,,0,1
2566924,11:26:00,11:26:00,11989,1,,,,13.99,1
2566924,11:30:00,11:30:00,11990,2,,,,17.99,1
2566924,11:36:00,11:36:00,11991,3,,,,26.78,1
2566924,11:42:00,11:42:00,11992,4,,,,35.7,1
2566924,11:49:00,11:49:00,11993,5,,,,47.59,1
2566924,11:55:00,11:55:00,11994,6,,,,52.82,1
2566924,12:01:00,12:01:00,11995,7,,,,60.09,1
2566924,12:15:00,12:15:00,12002,8,,,,64.44,1
2566925,12:15:00,12:15:00,11958,0,,,,0,1
2566925,12:26:00,12:26:00,11989,1,,,,13.99,1
2566925,12:30:00,12:30:00,11990,2,,,,17.99,1
2566925,12:36:00,12:36:00,11991,3,,,,26.78,1
2566925,12:42:00,12:42:00,11992,4,,,,35.7,1
2566925,12:49:00,12:49:00,11993,5,,,,47.59,1
2566925,12:55:00,12:55:00,11994,6,,,,52.82,1
2566925,13:01:00,13:01:00,11995,7,,,,60.09,1
2566925,13:20:00,13:20:00,12002,8,,,,64.44,1
2566925,13:32:00,13:32:00,12003,9,,,,83.18,1
2566925,13:53:00,13:53:00,12004,10,,,,97.54,1
2566925,14:01:00,14:01:00,12005,11,,,,113.14,1
2566925,14:12:00,14:12:00,11976,12,,,,122.78,1
2566926,13:15:00,13:15:00,11958,0,,,,0,1
2566926,13:26:00,13:26:00,11989,1,,,,13.99,1
2566926,13:30:00,13:30:00,11990,2,,,,17.99,1
2566926,13:36:00,13:36:00,11991,3,,,,26.78,1
2566926,13:42:00,13:42:00,11992,4,,,,35.7,1
2566926,13:49:00,13:49:00,11993,5,,,,47.59,1
2566926,13:55:00,13:55:00,11994,6,,,,52.82,1
2566926,14:01:00,14:01:00,11995,7,,,,60.09,1
2566926,14:15:00,14:15:00,12002,8,,,,64.44,1
2566927,14:15:00,14:15:00,11958,0,,,,0,1
2566927,14:26:00,14:26:00,11989,1,,,,13.99,1
2566927,14:30:00,14:30:00,11990,2,,,,17.99,1
2566927,14:36:00,14:36:00,11991,3,,,,26.78,1
2566927,14:42:00,14:42:00,11992,4,,,,35.7,1
2566927,14:49:00,14:49:00,11993,5,,,,47.59,1
2566927,14:55:00,14:55:00,11994,6,,,,52.82,1
2566927,15:01:00,15:01:00,11995,7,,,,60.09,1
2566927,15:15:00,15:15:00,12002,8,,,,64.44,1
2566928,15:10:00,15:10:00,11958,0,,,,0,1
2566928,15:23:00,15:23:00,11989,1,,,,13.99,1
2566928,15:27:00,15:27:00,11990,2,,,,17.99,1
2566928,15:34:00,15:34:00,11991,3,,,,26.78,1
2566928,15:42:00,15:42:00,11992,4,,,,35.7,1
2566928,15:53:00,15:53:00,11993,5,,,,47.59,1
2566928,15:59:00,15:59:00,11994,6,,,,52.82,1
2566928,16:06:00,16:06:00,11995,7,,,,60.09,1
2566928,16:19:00,16:19:00,12002,8,,,,64.44,1
2566929,16:07:00,16:07:00,11958,0,,,,0,1
2566929,16:17:00,16:17:00,11989,1,,,,13.99,1
2566929,16:34:00,16:34:00,11993,2,,,,47.59,1
2566929,16:39:00,16:39:00,11994,3,,,,52.82,1
2566929,16:56:00,16:56:00,12002,4,,,,64.44,1
2566930,16:17:00,16:17:00,11958,0,,,,0,1
2566930,16:29:00,16:29:00,11989,1,,,,13.99,1
2566930,16:33:00,16:33:00,11990,2,,,,17.99,1
2566930,16:40:00,16:40:00,11991,3,,,,26.78,1
2566930,16:48:00,16:48:00,11992,4,,,,35.7,1
2566930,17:04:00,17:04:00,11995,5,,,,60.09,1
2566930,17:16:00,17:16:00,12002,6,,,,64.44,1
2566930,17:26:00,17:26:00,12003,7,,,,83.18,1
2566930,17:42:00,17:42:00,12004,8,,,,97.54,1
2566930,17:54:00,17:54:00,12005,9,,,,113.14,1
2566930,18:05:00,18:05:00,11976,10,,,,122.78,1
2566931,16:35:00,16:35:00,11958,0,,,,0,1
2566931,16:45:00,16:45:00,11989,1,,,,13.99,1
2566931,16:49:00,16:49:00,11990,2,,,,17.99,1
2566931,16:56:00,16:56:00,11991,3,,,,26.78,1
2566931,17:04:00,17:04:00,11992,4,,,,35.7,1
2566931,17:17:00,17:17:00,11993,5,,,,47.59,1
2566931,17:21:00,17:21:00,11994,6,,,,52.82,1
2566931,17:36:00,17:36:00,12002,7,,,,64.44,1
2566931,17:59:00,17:59:00,12003,8,,,,82.76,1
2566932,18:23:00,18:23:00,11958,0,,,,0,1
2566932,18:35:00,18:35:00,11989,1,,,,13.99,1
2566932,18:39:00,18:39:00,11990,2,,,,17.99,1
2566932,18:45:00,18:45:00,11991,3,,,,26.78,1
2566932,18:51:00,18:51:00,11992,4,,,,35.7,1
2566932,18:58:00,18:58:00,11993,5,,,,47.59,1
2566932,19:04:00,19:04:00,11994,6,,,,52.82,1
2566932,19:10:00,19:10:00,11995,7,,,,60.09,1
2566932,19:24:00,19:24:00,12002,8,,,,64.44,1
2566932,19:34:00,19:34:00,12003,9,,,,83.18,1
2566932,19:49:00,19:49:00,12004,10,,,,97.54,1
2566932,19:57:00,19:57:00,12005,11,,,,113.14,1
2566932,20:09:00,20:09:00,11976,12,,,,122.78,1
2566933,19:00:00,19:00:00,11958,0,,,,0,1
2566933,19:11:00,19:11:00,11989,1,,,,13.99,1
2566933,19:15:00,19:15:00,11990,2,,,,17.99,1
2566933,19:21:00,19:21:00,11991,3,,,,26.78,1
2566933,19:27:00,19:27:00,11992,4,,,,35.7,1
2566933,19:36:00,19:36:00,11993,5,,,,47.59,1
2566933,19:42:00,19:42:00,11994,6,,,,52.82,1
2566933,19:48:00,19:48:00,11995,7,,,,60.09,1
2566933,20:00:00,20:00:00,12002,8,,,,64.44,1
2566934,20:00:00,20:00:00,11958,0,,,,0,1
2566934,20:11:00,20:11:00,11989,1,,,,13.99,1
2566934,20:15:00,20:15:00,11990,2,,,,17.99,1
2566934,20:21:00,20:21:00,11991,3,,,,26.78,1
2566934,20:27:00,20:27:00,11992,4,,,,35.7,1
2566934,20:36:00,20:36:00,11993,5,,,,47.59,1
2566934,20:42:00,20:42:00,11994,6,,,,52.82,1
2566934,20:48:00,20:48:00,11995,7,,,,60.09,1
2566934,21:00:00,21:00:00,12002,8,,,,64.44,1
2566935,22:55:00,22:55:00,11958,0,,,,0,1
2566935,23:06:00,23:06:00,11989,1,,,,13.99,1
2566935,23:10:00,23:10:00,11990,2,,,,17.99,1
2566935,23:16:00,23:16:00,11991,3,,,,26.78,1
2566935,23:22:00,23:22:00,11992,4,,,,35.7,1
2566935,23:29:00,23:29:00,11993,5,,,,47.59,1
2566935,23:35:00,23:35:00,11994,6,,,,52.82,1
2566935,23:41:00,23:41:00,11995,7,,,,60.09,1
2566935,23:55:00,23:55:00,12002,8,,,,64.44,1
2566936,21:00:00,21:00:00,11958,0,,,,0,1
2566936,21:11:00,21:11:00,11989,1,,,,13.99,1
2566936,21:15:00,21:15:00,11990,2,,,,17.99,1
2566936,21:21:00,21:21:00,11991,3,,,,26.78,1
2566936,21:27:00,21:27:00,11992,4,,,,35.7,1
2566936,21:34:00,21:34:00,11993,5,,,,47.59,1
2566936,21:40:00,21:40:00,11994,6,,,,52.82,1
2566936,21:46:00,21:46:00,11995,7,,,,60.09,1
2566936,22:00:00,22:00:00,12002,8,,,,64.44,1
2566936,22:10:00,22:10:00,12003,9,,,,83.18,1
2566936,22:25:00,22:25:00,12004,10,,,,97.54,1
2566936,22:33:00,22:33:00,12005,11,,,,113.14,1
2566936,22:45:00,22:45:00,11976,12,,,,122.78,1
2566937,16:05:00,16:05:00,11958,0,,,,0,1
2566937,16:19:00,16:19:00,11990,1,,,,17.99,1
2566937,16:26:00,16:26:00,11991,2,,,,26.78,1
2566937,16:34:00,16:34:00,11992,3,,,,35.7,1
2566937,16:48:00,16:48:00,11995,4,,,,60.09,1
2566937,16:58:00,16:58:00,12002,5,,,,64.44,1
2566938,08:20:00,08:20:00,11958,0,,,,0,1
2566938,08:31:00,08:31:00,11989,1,,,,13.99,1
2566938,08:35:00,08:35:00,11990,2,,,,17.99,1
2566938,08:41:00,08:41:00,11991,3,,,,26.78,1
2566938,08:47:00,08:47:00,11992,4,,,,35.7,1
2566938,08:54:00,08:54:00,11993,5,,,,47.59,1
2566938,09:00:00,09:00:00,11994,6,,,,52.82,1
2566938,09:06:00,09:06:00,11995,7,,,,60.09,1
2566938,09:18:00,09:18:00,12002,8,,,,64.44,1
2566938,09:39:00,09:39:00,12003,9,,,,82.76,1
2566939,07:10:00,07:10:00,11958,0,,,,0,1
2566939,07:21:00,07:21:00,11989,1,,,,13.99,1
2566939,07:25:00,07:25:00,11990,2,,,,17.99,1
2566939,07:31:00,07:31:00,11991,3,,,,26.78,1
2566939,07:37:00,07:37:00,11992,4,,,,35.7,1
2566939,07:47:00,07:47:00,11993,5,,,,47.59,1
2566939,07:53:00,07:53:00,11994,6,,,,52.82,1
2566939,07:59:00,07:59:00,11995,7,,,,60.09,1
2566939,08:13:00,08:13:00,12002,8,,,,64.44,1
2566940,05:25:00,05:25:00,12002,0,,,,0,1
2566940,05:57:00,05:57:00,12004,1,,,,33.1,1
2566940,06:05:00,06:05:00,12005,2,,,,48.71,1
2566940,06:17:00,06:17:00,11976,3,,,,58.34,1
2566941,08:58:00,08:58:00,11958,0,,,,0,1
2566941,09:07:00,09:07:00,11989,1,,,,13.99,1
2566941,09:15:00,09:15:00,11991,2,,,,26.78,1
2566941,09:21:00,09:21:00,11992,3,,,,35.7,1
2566941,09:28:00,09:28:00,11993,4,,,,47.59,1
2566941,09:34:00,09:34:00,11994,5,,,,64.44,1
2566941,09:40:00,09:40:00,11995,6,,,,64.44,1
2566941,09:52:00,09:52:00,12002,7,,,,64.44,1
2566942,17:10:00,17:10:00,11958,0,,,,0,1
2566942,17:21:00,17:21:00,11989,1,,,,13.99,1
2566942,17:35:00,17:35:00,11992,2,,,,35.7,1
2566942,17:58:00,17:58:00,12002,3,,,,64.44,1
2566942,18:09:00,18:09:00,12003,4,,,,83.18,1
2566942,18:21:00,18:21:00,12004,5,,,,97.54,1
2566942,18:31:00,18:31:00,12005,6,,,,113.14,1
2566942,18:42:00,18:42:00,11976,7,,,,122.78,1
2566943,17:20:00,17:20:00,11958,0,,,,0,1
2566943,17:46:00,17:46:00,11993,1,,,,47.59,1
2566943,17:52:00,17:52:00,11994,2,,,,52.82,1
2566943,17:58:00,17:58:00,11995,3,,,,60.09,1
2566943,18:14:00,18:14:00,12002,4,,,,64.44,1
2566944,17:25:00,17:25:00,11958,0,,,,0,1
2566944,17:37:00,17:37:00,11989,1,,,,13.99,1
2566944,17:41:00,17:41:00,11990,2,,,,17.99,1
2566944,17:48:00,17:48:00,11991,3,,,,26.78,1
2566944,17:56:00,17:56:00,11992,4,,,,35.7,1
2566944,18:05:00,18:05:00,11993,5,,,,47.59,1
2566944,18:11:00,18:11:00,11994,6,,,,52.82,1
2566944,18:21:00,18:21:00,11995,7,,,,60.09,1
2566944,18:39:00,18:39:00,12002,8,,,,64.44,1
2566945,17:58:00,17:58:00,11958,0,,,,0,1
2566945,18:10:00,18:10:00,11989,1,,,,13.99,1
2566945,18:14:00,18:14:00,11990,2,,,,17.99,1
2566945,18:21:00,18:21:00,11991,3,,,,26.78,1
2566945,18:29:00,18:29:00,11992,4,,,,35.7,1
2566945,18:38:00,18:38:00,11993,5,,,,47.59,1
2566945,18:44:00,18:44:00,11994,6,,,,52.82,1
2566945,18:51:00,18:51:00,11995,7,,,,60.09,1
2566945,19:04:00,19:04:00,12002,8,,,,64.44,1
2566945,19:25:00,19:25:00,12003,9,,,,82.76,1
2566946,07:10:00,07:10:00,11979,1,,,,0.000000,1
2566946,07:35:00,07:35:00,11980,2,,,,18.328500,1
2566946,07:42:00,07:42:00,11981,3,,,,22.672600,1
2566946,07:48:00,07:48:00,11982,4,,,,29.942000,1
2566946,07:55:00,07:55:00,11984,5,,,,35.176600,1
2566946,08:02:00,08:02:00,11985,6,,,,47.060800,1
2566946,08:08:00,08:08:00,11986,7,,,,55.975300,1
2566946,08:16:00,08:16:00,11988,8,,,,68.775400,1
2566946,08:35:00,08:35:00,11958,9,,,,82.763900,1
2566948,10:55:00,10:55:00,11980,1,,,,0.000000,1
2566948,11:02:00,11:02:00,11981,2,,,,4.344100,1
2566948,11:08:00,11:08:00,11982,3,,,,11.613600,1
2566948,11:15:00,11:15:00,11984,4,,,,16.848100,1
2566948,11:22:00,11:22:00,11985,5,,,,28.732400,1
2566948,11:28:00,11:28:00,11986,6,,,,37.646900,1
2566948,11:36:00,11:36:00,11988,7,,,,50.446900,1
2566948,11:55:00,11:55:00,11958,8,,,,64.435500,1
2566949,14:00:00,14:00:00,11980,1,,,,0.000000,1
2566949,14:07:00,14:07:00,11981,2,,,,4.344100,1
2566949,14:13:00,14:13:00,11982,3,,,,11.613600,1
2566949,14:20:00,14:20:00,11984,4,,,,16.848100,1
2566949,14:27:00,14:27:00,11985,5,,,,28.732400,1
2566949,14:33:00,14:33:00,11986,6,,,,37.646900,1
2566949,14:41:00,14:41:00,11988,7,,,,50.446900,1
2566949,15:00:00,15:00:00,11958,8,,,,64.435500,1
2566954,21:15:00,21:15:00,11980,1,,,,0.000000,1
2566954,21:22:00,21:22:00,11981,2,,,,4.344100,1
2566954,21:28:00,21:28:00,11982,3,,,,11.613600,1
2566954,21:35:00,21:35:00,11984,4,,,,16.848100,1
2566954,21:42:00,21:42:00,11985,5,,,,28.732400,1
2566954,21:48:00,21:48:00,11986,6,,,,37.646900,1
2566954,21:56:00,21:56:00,11988,7,,,,50.446900,1
2566954,22:15:00,22:15:00,11958,8,,,,64.435500,1
2566955,08:55:00,08:55:00,11958,1,,,,0.000000,1
2566955,09:06:00,09:06:00,11989,2,,,,13.987800,1
2566955,09:14:00,09:14:00,11991,3,,,,26.780000,1
2566955,09:20:00,09:20:00,11992,4,,,,35.703100,1
2566955,09:28:00,09:28:00,11993,5,,,,47.587700,1
2566955,09:34:00,09:34:00,11994,6,,,,52.821900,1
2566955,09:40:00,09:40:00,11995,7,,,,60.091400,1
2566955,09:55:00,09:55:00,12002,8,,,,64.435500,1
2566957,12:15:00,12:15:00,11958,1,,,,0.000000,1
2566957,12:28:00,12:28:00,11989,2,,,,13.987800,1
2566957,12:36:00,12:36:00,11991,3,,,,26.780000,1
2566957,12:42:00,12:42:00,11992,4,,,,35.703100,1
2566957,12:50:00,12:50:00,11993,5,,,,47.587700,1
2566957,12:56:00,12:56:00,11994,6,,,,52.821900,1
2566957,13:02:00,13:02:00,11995,7,,,,60.091400,1
2566957,13:21:00,13:21:00,12002,8,,,,64.435500,1
2566960,19:15:00,19:15:00,11958,1,,,,0.000000,1
2566960,19:26:00,19:26:00,11989,2,,,,13.987800,1
2566960,19:34:00,19:34:00,11991,3,,,,26.780000,1
2566960,19:40:00,19:40:00,11992,4,,,,35.703100,1
2566960,19:48:00,19:48:00,11993,5,,,,47.587700,1
2566960,19:54:00,19:54:00,11994,6,,,,52.821900,1
2566960,20:00:00,20:00:00,11995,7,,,,60.091400,1
2566960,20:20:00,20:20:00,12002,8,,,,64.435500,1
2566962,22:45:00,22:45:00,11958,1,,,,0.000000,1
2566962,22:56:00,22:56:00,11989,2,,,,13.987800,1
2566962,23:04:00,23:04:00,11991,3,,,,26.780000,1
2566962,23:10:00,23:10:00,11992,4,,,,35.703100,1
2566962,23:18:00,23:18:00,11993,5,,,,47.587700,1
2566962,23:24:00,23:24:00,11994,6,,,,52.821900,1
2566962,23:30:00,23:30:00,11995,7,,,,60.091400,1
2566962,23:45:00,23:45:00,12002,8,,,,64.435500,1
2566962,24:11:00,24:11:00,12003,9,,,,82.763900,1
2566963,15:20:00,15:20:00,11958,1,,,,0.000000,1
2566963,15:31:00,15:31:00,11989,2,,,,13.987800,1
2566963,15:39:00,15:39:00,11991,3,,,,26.780000,1
2566963,15:45:00,15:45:00,11992,4,,,,35.703100,1
2566963,15:53:00,15:53:00,11993,5,,,,47.587700,1
2566963,15:59:00,15:59:00,11994,6,,,,52.821900,1
2566963,16:05:00,16:05:00,11995,7,,,,60.091400,1
2566963,16:25:00,16:25:00,12002,8,,,,64.435500,1
2566963,16:51:00,16:51:00,12003,9,,,,82.763900,1
2566964,08:30:00,08:30:00,11979,1,,,,0.000000,1
2566964,08:55:00,08:55:00,11980,2,,,,18.328500,1
2566964,09:02:00,09:02:00,11981,3,,,,22.672600,1
2566964,09:08:00,09:08:00,11982,4,,,,29.942000,1
2566964,09:15:00,09:15:00,11984,5,,,,35.176600,1
2566964,09:22:00,09:22:00,11985,6,,,,47.060800,1
2566964,09:28:00,09:28:00,11986,7,,,,55.975300,1
2566964,09:36:00,09:36:00,11988,8,,,,68.775400,1
2566964,09:55:00,09:55:00,11958,9,,,,82.763900,1
2566966,12:40:00,12:40:00,11980,1,,,,0.000000,1
2566966,12:47:00,12:47:00,11981,2,,,,4.344100,1
2566966,12:53:00,12:53:00,11982,3,,,,11.613600,1
2566966,13:00:00,13:00:00,11984,4,,,,16.848100,1
2566966,13:07:00,13:07:00,11985,5,,,,28.732400,1
2566966,13:13:00,13:13:00,11986,6,,,,37.646900,1
2566966,13:21:00,13:21:00,11988,7,,,,50.446900,1
2566966,13:40:00,13:40:00,11958,8,,,,64.435500,1
2566970,10:15:00,10:15:00,11958,1,,,,0.000000,1
2566970,10:26:00,10:26:00,11989,2,,,,13.987800,1
2566970,10:34:00,10:34:00,11991,3,,,,26.780000,1
2566970,10:40:00,10:40:00,11992,4,,,,35.703100,1
2566970,10:48:00,10:48:00,11993,5,,,,47.587700,1
2566970,10:53:00,10:53:00,11994,6,,,,52.821900,1
2566970,10:59:00,10:59:00,11995,7,,,,60.091400,1
2566970,11:18:00,11:18:00,12002,8,,,,64.435500,1
2566972,14:15:00,14:15:00,11958,1,,,,0.000000,1
2566972,14:26:00,14:26:00,11989,2,,,,13.987800,1
2566972,14:34:00,14:34:00,11991,3,,,,26.780000,1
2566972,14:40:00,14:40:00,11992,4,,,,35.703100,1
2566972,14:48:00,14:48:00,11993,5,,,,47.587700,1
2566972,14:54:00,14:54:00,11994,6,,,,52.821900,1
2566972,15:00:00,15:00:00,11995,7,,,,60.091400,1
2566972,15:20:00,15:20:00,12002,8,,,,64.435500,1
2566974,19:40:00,19:40:00,11958,1,,,,0.000000,1
2566974,19:51:00,19:51:00,11989,2,,,,13.987800,1
2566974,19:59:00,19:59:00,11991,3,,,,26.780000,1
2566974,20:05:00,20:05:00,11992,4,,,,35.703100,1
2566974,20:15:00,20:15:00,11993,5,,,,47.587700,1
2566974,20:21:00,20:21:00,11994,6,,,,52.821900,1
2566974,20:27:00,20:27:00,11995,7,,,,60.091400,1
2566974,20:47:00,20:47:00,12002,8,,,,64.435500,1
2566974,21:13:00,21:13:00,12003,9,,,,82.763900,1
2603475,10:30:00,10:30:00,11979,1,,,,,1
2603475,10:55:00,10:55:00,11980,2,,,,18.3285,1
2603475,11:02:00,11:02:00,11981,3,,,,22.6726,1
2603475,11:08:00,11:08:00,11982,4,,,,29.942,1
2603475,11:15:00,11:15:00,11984,5,,,,35.1766,1
2603475,11:22:00,11:22:00,11985,6,,,,47.0608,1
2603475,11:28:00,11:28:00,11986,7,,,,55.9753,1
2603475,11:36:00,11:36:00,11988,8,,,,68.7754,1
2603475,11:55:00,11:55:00,11958,9,,,,82.7639,1
2603477,14:00:00,14:00:00,11980,1,,,,,1
2603477,14:07:00,14:07:00,11981,2,,,,4.3441,1
2603477,14:13:00,14:13:00,11982,3,,,,11.6136,1
2603477,14:20:00,14:20:00,11984,4,,,,16.8481,1
2603477,14:27:00,14:27:00,11985,5,,,,28.7324,1
2603477,14:33:00,14:33:00,11986,6,,,,37.6469,1
2603477,14:41:00,14:41:00,11988,7,,,,50.4469,1
2603477,15:00:00,15:00:00,11958,8,,,,64.4355,1
2603478,16:00:00,16:00:00,11980,1,,,,,1
2603478,16:07:00,16:07:00,11981,2,,,,4.3441,1
2603478,16:13:00,16:13:00,11982,3,,,,11.6136,1
2603478,16:20:00,16:20:00,11984,4,,,,16.8481,1
2603478,16:27:00,16:27:00,11985,5,,,,28.7324,1
2603478,16:33:00,16:33:00,11986,6,,,,37.6469,1
2603478,16:41:00,16:41:00,11988,7,,,,50.4469,1
2603478,17:00:00,17:00:00,11958,8,,,,64.4355,1
2603479,17:55:00,17:55:00,11980,1,,,,,1
2603479,18:02:00,18:02:00,11981,2,,,,4.3441,1
2603479,18:08:00,18:08:00,11982,3,,,,11.6136,1
2603479,18:15:00,18:15:00,11984,4,,,,16.8481,1
2603479,18:22:00,18:22:00,11985,5,,,,28.7324,1
2603479,18:28:00,18:28:00,11986,6,,,,37.6469,1
2603479,18:39:00,18:39:00,11988,7,,,,50.4469,1
2603479,18:58:00,18:58:00,11958,8,,,,64.4355,1
2603481,12:15:00,12:15:00,11958,1,,,,,1
2603481,12:28:00,12:28:00,11989,2,,,,13.9878,1
2603481,12:36:00,12:36:00,11991,3,,,,26.78,1
2603481,12:42:00,12:42:00,11992,4,,,,35.7031,1
2603481,12:50:00,12:50:00,11993,5,,,,47.5877,1
2603481,12:56:00,12:56:00,11994,6,,,,52.8219,1
2603481,13:02:00,13:02:00,11995,7,,,,60.0914,1
2603481,13:21:00,13:21:00,12002,8,,,,64.4355,1
2603485,16:15:00,16:15:00,11958,1,,,,,1
2603485,16:28:00,16:28:00,11989,2,,,,13.9878,1
2603485,16:36:00,16:36:00,11991,3,,,,26.78,1
2603485,16:42:00,16:42:00,11992,4,,,,35.7031,1
2603485,16:50:00,16:50:00,11993,5,,,,47.5877,1
2603485,16:56:00,16:56:00,11994,6,,,,52.8219,1
2603485,17:02:00,17:02:00,11995,7,,,,60.0914,1
2603485,17:21:00,17:21:00,12002,8,,,,64.4355,1
2603483,17:20:00,17:20:00,11958,1,,,,,1
2603483,17:31:00,17:31:00,11989,2,,,,13.9878,1
2603483,17:39:00,17:39:00,11991,3,,,,26.78,1
2603483,17:45:00,17:45:00,11992,4,,,,35.7031,1
2603483,17:53:00,17:53:00,11993,5,,,,47.5877,1
2603483,17:59:00,17:59:00,11994,6,,,,52.8219,1
2603483,18:05:00,18:05:00,11995,7,,,,60.0914,1
2603483,18:29:00,18:29:00,12002,8,,,,64.4355,1
2603483,18:53:00,18:53:00,12003,9,,,,82.7639,1
2603460,14:25:00,14:25:00,11979,1,,,,,1
2603460,14:50:00,14:50:00,11980,2,,,,18.3285,1
2603460,14:57:00,14:57:00,11981,3,,,,22.6726,1
2603460,15:03:00,15:03:00,11982,4,,,,29.942,1
2603460,15:10:00,15:10:00,11984,5,,,,35.1766,1
2603460,15:17:00,15:17:00,11985,6,,,,47.0608,1
2603460,15:23:00,15:23:00,11986,7,,,,55.9753,1
2603460,15:31:00,15:31:00,11988,8,,,,68.7754,1
2603460,15:50:00,15:50:00,11958,9,,,,82.7639,1
2603462,17:55:00,17:55:00,11980,1,,,,,1
2603462,18:02:00,18:02:00,11981,2,,,,4.3441,1
2603462,18:08:00,18:08:00,11982,3,,,,11.6136,1
2603462,18:15:00,18:15:00,11984,4,,,,16.8481,1
2603462,18:22:00,18:22:00,11985,5,,,,28.7324,1
2603462,18:28:00,18:28:00,11986,6,,,,37.6469,1
2603462,18:39:00,18:39:00,11988,7,,,,50.4469,1
2603462,18:58:00,18:58:00,11958,8,,,,64.4355,1
2603463,20:00:00,20:00:00,11980,1,,,,,1
2603463,20:07:00,20:07:00,11981,2,,,,4.3441,1
2603463,20:13:00,20:13:00,11982,3,,,,11.6136,1
2603463,20:20:00,20:20:00,11984,4,,,,16.8481,1
2603463,20:27:00,20:27:00,11985,5,,,,28.7324,1
2603463,20:33:00,20:33:00,11986,6,,,,37.6469,1
2603463,20:41:00,20:41:00,11988,7,,,,50.4469,1
2603463,21:00:00,21:00:00,11958,8,,,,64.4355,1
2603466,10:15:00,10:15:00,11958,1,,,,,1
2603466,10:26:00,10:26:00,11989,2,,,,13.9878,1
2603466,10:34:00,10:34:00,11991,3,,,,26.78,1
2603466,10:40:00,10:40:00,11992,4,,,,35.7031,1
2603466,10:48:00,10:48:00,11993,5,,,,47.5877,1
2603466,10:53:00,10:53:00,11994,6,,,,52.8219,1
2603466,10:59:00,10:59:00,11995,7,,,,60.0914,1
2603466,11:18:00,11:18:00,12002,8,,,,64.4355,1
2603468,16:15:00,16:15:00,11958,1,,,,,1
2603468,16:28:00,16:28:00,11989,2,,,,13.9878,1
2603468,16:36:00,16:36:00,11991,3,,,,26.78,1
2603468,16:42:00,16:42:00,11992,4,,,,35.7031,1
2603468,16:50:00,16:50:00,11993,5,,,,47.5877,1
2603468,16:56:00,16:56:00,11994,6,,,,52.8219,1
2603468,17:02:00,17:02:00,11995,7,,,,60.0914,1
2603468,17:21:00,17:21:00,12002,8,,,,64.4355,1
2603469,17:20:00,17:20:00,11958,1,,,,,1
2603469,17:31:00,17:31:00,11989,2,,,,13.9878,1
2603469,17:39:00,17:39:00,11991,3,,,,26.78,1
2603469,17:45:00,17:45:00,11992,4,,,,35.7031,1
2603469,17:53:00,17:53:00,11993,5,,,,47.5877,1
2603469,17:59:00,17:59:00,11994,6,,,,52.8219,1
2603469,18:05:00,18:05:00,11995,7,,,,60.0914,1
2603469,18:23:00,18:23:00,12002,8,,,,64.4355,1
2603471,21:40:00,21:40:00,11958,1,,,,,1
2603471,21:51:00,21:51:00,11989,2,,,,13.9878,1
2603471,21:59:00,21:59:00,11991,3,,,,26.78,1
2603471,22:05:00,22:05:00,11992,4,,,,35.7031,1
2603471,22:13:00,22:13:00,11993,5,,,,47.5877,1
2603471,22:19:00,22:19:00,11994,6,,,,52.8219,1
2603471,22:25:00,22:25:00,11995,7,,,,60.0914,1
2603471,22:45:00,22:45:00,12002,8,,,,64.4355,1
2603471,23:11:00,23:11:00,12003,9,,,,82.7639,1
2603474,08:30:00,08:30:00,11979,1,,,,,1
2603474,08:55:00,08:55:00,11980,2,,,,18.3285,1
2603474,09:02:00,09:02:00,11981,3,,,,22.6726,1
2603474,09:08:00,09:08:00,11982,4,,,,29.942,1
2603474,09:15:00,09:15:00,11984,5,,,,35.1766,1
2603474,09:22:00,09:22:00,11985,6,,,,47.0608,1
2603474,09:28:00,09:28:00,11986,7,,,,55.9753,1
2603474,09:36:00,09:36:00,11988,8,,,,68.7754,1
2603474,09:55:00,09:55:00,11958,9,,,,82.7639,1
2683925,16:00:00,16:00:00,11980,1,,0,0,0.001800,1
2683925,16:07:00,16:07:00,11981,2,,0,0,4.344100,1
2683925,16:13:00,16:13:00,11982,3,,0,0,11.760800,1
2683925,16:20:00,16:20:00,11984,4,,0,0,16.848100,1
2683925,16:27:00,16:27:00,11985,5,,0,0,28.743200,1
2683925,16:33:00,16:33:00,11986,6,,0,0,38.054600,1
2683925,16:41:00,16:41:00,11988,7,,0,0,50.266800,1
2683925,17:00:00,17:00:00,11958,8,,0,0,64.435500,1
