fare_id,price,currency_type,payment_method,transfers,transfer_duration
1,6.70,USD,1,,
2,3.95,USD,1,,
3,8.75,USD,1,,
4,3.95,USD,1,,
5,7.60,USD,1,,
6,6.20,USD,1,,
7,6.00,USD,1,,
8,5.80,USD,1,,
9,5.60,USD,1,,
10,5.55,USD,1,,
11,5.45,USD,1,,
12,5.35,USD,1,,
13,5.20,USD,1,,
14,5.20,USD,1,,
15,5.20,USD,1,,
16,5.50,USD,1,,
17,5.75,USD,1,,
18,6.05,USD,1,,
19,6.30,USD,1,,
20,6.60,USD,1,,
21,6.90,USD,1,,
22,7.45,USD,1,,
23,7.80,USD,1,,
24,6.60,USD,1,,
25,7.80,USD,1,,
26,8.25,USD,1,,
27,7.70,USD,1,,
28,3.95,USD,1,,
29,7.45,USD,1,,
30,7.00,USD,1,,
31,6.85,USD,1,,
32,6.45,USD,1,,
33,6.05,USD,1,,
34,5.45,USD,1,,
35,5.15,USD,1,,
36,4.75,USD,1,,
37,4.75,USD,1,,
38,4.75,USD,1,,
39,4.75,USD,1,,
40,4.55,USD,1,,
41,4.45,USD,1,,
42,4.15,USD,1,,
43,3.95,USD,1,,
44,3.95,USD,1,,
45,12.20,USD,1,,
46,8.30,USD,1,,
47,9.05,USD,1,,
48,9.30,USD,1,,
49,8.40,USD,1,,
50,9.10,USD,1,,
51,3.95,USD,1,,
52,6.70,USD,1,,
53,8.75,USD,1,,
54,3.95,USD,1,,
55,7.90,USD,1,,
56,6.50,USD,1,,
57,6.25,USD,1,,
58,6.10,USD,1,,
59,5.90,USD,1,,
60,5.85,USD,1,,
61,5.75,USD,1,,
62,5.60,USD,1,,
63,5.50,USD,1,,
64,5.50,USD,1,,
65,5.50,USD,1,,
66,5.80,USD,1,,
67,6.00,USD,1,,
68,6.30,USD,1,,
69,6.60,USD,1,,
70,6.90,USD,1,,
71,7.20,USD,1,,
72,7.75,USD,1,,
73,8.10,USD,1,,
74,6.90,USD,1,,
75,8.05,USD,1,,
76,8.50,USD,1,,
77,7.95,USD,1,,
78,3.95,USD,1,,
79,7.75,USD,1,,
80,7.30,USD,1,,
81,7.15,USD,1,,
82,6.75,USD,1,,
83,6.35,USD,1,,
84,5.75,USD,1,,
85,5.40,USD,1,,
86,5.15,USD,1,,
87,5.15,USD,1,,
88,5.15,USD,1,,
89,5.15,USD,1,,
90,4.95,USD,1,,
91,4.85,USD,1,,
92,4.60,USD,1,,
93,4.45,USD,1,,
94,3.95,USD,1,,
95,12.50,USD,1,,
96,8.55,USD,1,,
97,9.35,USD,1,,
98,9.60,USD,1,,
99,8.70,USD,1,,
100,9.35,USD,1,,
101,8.75,USD,1,,
102,8.75,USD,1,,
103,6.70,USD,1,,
104,5.30,USD,1,,
105,12.90,USD,1,,
106,11.50,USD,1,,
107,11.25,USD,1,,
108,11.10,USD,1,,
109,10.90,USD,1,,
110,10.80,USD,1,,
111,10.75,USD,1,,
112,10.60,USD,1,,
113,10.50,USD,1,,
114,10.50,USD,1,,
115,10.50,USD,1,,
116,10.80,USD,1,,
117,11.00,USD,1,,
118,11.30,USD,1,,
119,11.60,USD,1,,
120,11.90,USD,1,,
121,12.20,USD,1,,
122,12.75,USD,1,,
123,13.10,USD,1,,
124,11.90,USD,1,,
125,13.05,USD,1,,
126,13.50,USD,1,,
127,12.95,USD,1,,
128,9.10,USD,1,,
129,12.75,USD,1,,
130,12.30,USD,1,,
131,12.15,USD,1,,
132,11.75,USD,1,,
133,11.35,USD,1,,
134,10.75,USD,1,,
135,10.40,USD,1,,
136,10.15,USD,1,,
137,10.15,USD,1,,
138,10.15,USD,1,,
139,10.15,USD,1,,
140,10.10,USD,1,,
141,10.00,USD,1,,
142,9.70,USD,1,,
143,9.60,USD,1,,
144,9.35,USD,1,,
145,17.50,USD,1,,
146,13.55,USD,1,,
147,14.35,USD,1,,
148,14.60,USD,1,,
149,13.70,USD,1,,
150,14.35,USD,1,,
151,3.95,USD,1,,
152,3.95,USD,1,,
153,5.30,USD,1,,
154,6.70,USD,1,,
155,8.25,USD,1,,
156,6.85,USD,1,,
157,6.60,USD,1,,
158,6.45,USD,1,,
159,6.25,USD,1,,
160,6.20,USD,1,,
161,6.10,USD,1,,
162,5.95,USD,1,,
163,5.85,USD,1,,
164,5.85,USD,1,,
165,5.85,USD,1,,
166,6.15,USD,1,,
167,6.35,USD,1,,
168,6.70,USD,1,,
169,6.95,USD,1,,
170,7.25,USD,1,,
171,7.55,USD,1,,
172,8.10,USD,1,,
173,8.45,USD,1,,
174,7.25,USD,1,,
175,8.45,USD,1,,
176,8.85,USD,1,,
177,8.30,USD,1,,
178,4.55,USD,1,,
179,8.10,USD,1,,
180,7.65,USD,1,,
181,7.50,USD,1,,
182,7.10,USD,1,,
183,6.70,USD,1,,
184,6.10,USD,1,,
185,5.75,USD,1,,
186,5.55,USD,1,,
187,5.55,USD,1,,
188,5.55,USD,1,,
189,5.55,USD,1,,
190,5.45,USD,1,,
191,5.40,USD,1,,
192,5.15,USD,1,,
193,5.00,USD,1,,
194,4.75,USD,1,,
195,12.85,USD,1,,
196,8.90,USD,1,,
197,9.70,USD,1,,
198,9.95,USD,1,,
199,9.05,USD,1,,
200,9.75,USD,1,,
201,7.60,USD,1,,
202,7.90,USD,1,,
203,12.90,USD,1,,
204,8.25,USD,1,,
205,6.70,USD,1,,
206,6.05,USD,1,,
207,5.85,USD,1,,
208,5.65,USD,1,,
209,5.45,USD,1,,
210,5.40,USD,1,,
211,5.30,USD,1,,
212,5.15,USD,1,,
213,5.05,USD,1,,
214,5.05,USD,1,,
215,5.05,USD,1,,
216,4.80,USD,1,,
217,4.60,USD,1,,
218,4.30,USD,1,,
219,2.60,USD,1,,
220,4.35,USD,1,,
221,4.65,USD,1,,
222,5.15,USD,1,,
223,5.55,USD,1,,
224,2.60,USD,1,,
225,2.60,USD,1,,
226,7.90,USD,1,,
227,7.35,USD,1,,
228,7.40,USD,1,,
229,7.15,USD,1,,
230,6.70,USD,1,,
231,6.50,USD,1,,
232,6.15,USD,1,,
233,5.75,USD,1,,
234,5.15,USD,1,,
235,5.20,USD,1,,
236,6.95,USD,1,,
237,6.95,USD,1,,
238,6.95,USD,1,,
239,6.95,USD,1,,
240,7.00,USD,1,,
241,7.05,USD,1,,
242,7.25,USD,1,,
243,7.30,USD,1,,
244,7.45,USD,1,,
245,11.05,USD,1,,
246,6.00,USD,1,,
247,6.80,USD,1,,
248,7.05,USD,1,,
249,8.05,USD,1,,
250,8.75,USD,1,,
251,6.20,USD,1,,
252,6.50,USD,1,,
253,11.50,USD,1,,
254,6.85,USD,1,,
255,6.05,USD,1,,
256,6.70,USD,1,,
257,2.60,USD,1,,
258,2.60,USD,1,,
259,2.60,USD,1,,
260,2.60,USD,1,,
261,2.60,USD,1,,
262,3.40,USD,1,,
263,3.60,USD,1,,
264,3.60,USD,1,,
265,3.60,USD,1,,
266,3.95,USD,1,,
267,4.20,USD,1,,
268,4.50,USD,1,,
269,4.75,USD,1,,
270,5.05,USD,1,,
271,5.35,USD,1,,
272,5.90,USD,1,,
273,6.25,USD,1,,
274,5.05,USD,1,,
275,6.25,USD,1,,
276,6.30,USD,1,,
277,5.75,USD,1,,
278,6.00,USD,1,,
279,5.55,USD,1,,
280,5.10,USD,1,,
281,4.95,USD,1,,
282,4.55,USD,1,,
283,4.15,USD,1,,
284,3.45,USD,1,,
285,3.80,USD,1,,
286,5.55,USD,1,,
287,5.55,USD,1,,
288,5.55,USD,1,,
289,5.55,USD,1,,
290,5.60,USD,1,,
291,5.70,USD,1,,
292,5.80,USD,1,,
293,5.90,USD,1,,
294,6.05,USD,1,,
295,10.65,USD,1,,
296,6.75,USD,1,,
297,7.50,USD,1,,
298,7.80,USD,1,,
299,6.50,USD,1,,
300,7.15,USD,1,,
301,6.00,USD,1,,
302,6.25,USD,1,,
303,11.25,USD,1,,
304,6.60,USD,1,,
305,5.85,USD,1,,
306,2.60,USD,1,,
307,6.70,USD,1,,
308,2.60,USD,1,,
309,2.60,USD,1,,
310,2.60,USD,1,,
311,2.60,USD,1,,
312,3.00,USD,1,,
313,3.25,USD,1,,
314,3.25,USD,1,,
315,3.25,USD,1,,
316,3.75,USD,1,,
317,3.95,USD,1,,
318,4.30,USD,1,,
319,4.50,USD,1,,
320,4.85,USD,1,,
321,5.15,USD,1,,
322,5.65,USD,1,,
323,6.05,USD,1,,
324,4.80,USD,1,,
325,6.00,USD,1,,
326,6.10,USD,1,,
327,5.55,USD,1,,
328,5.80,USD,1,,
329,5.30,USD,1,,
330,4.85,USD,1,,
331,4.70,USD,1,,
332,4.35,USD,1,,
333,3.95,USD,1,,
334,3.10,USD,1,,
335,3.45,USD,1,,
336,5.30,USD,1,,
337,5.30,USD,1,,
338,5.30,USD,1,,
339,5.30,USD,1,,
340,5.40,USD,1,,
341,5.45,USD,1,,
342,5.60,USD,1,,
343,5.70,USD,1,,
344,5.80,USD,1,,
345,10.45,USD,1,,
346,6.50,USD,1,,
347,7.30,USD,1,,
348,7.55,USD,1,,
349,6.25,USD,1,,
350,6.95,USD,1,,
351,5.80,USD,1,,
352,6.10,USD,1,,
353,11.10,USD,1,,
354,6.45,USD,1,,
355,5.65,USD,1,,
356,2.60,USD,1,,
357,2.60,USD,1,,
358,6.70,USD,1,,
359,2.60,USD,1,,
360,2.60,USD,1,,
361,2.60,USD,1,,
362,2.75,USD,1,,
363,2.95,USD,1,,
364,2.95,USD,1,,
365,2.95,USD,1,,
366,3.45,USD,1,,
367,3.80,USD,1,,
368,4.10,USD,1,,
369,4.35,USD,1,,
370,4.65,USD,1,,
371,4.95,USD,1,,
372,5.50,USD,1,,
373,5.85,USD,1,,
374,4.65,USD,1,,
375,5.85,USD,1,,
376,5.90,USD,1,,
377,5.35,USD,1,,
378,5.60,USD,1,,
379,5.15,USD,1,,
380,4.70,USD,1,,
381,4.55,USD,1,,
382,4.15,USD,1,,
383,3.65,USD,1,,
384,2.80,USD,1,,
385,3.15,USD,1,,
386,5.15,USD,1,,
387,5.15,USD,1,,
388,5.15,USD,1,,
389,5.15,USD,1,,
390,5.20,USD,1,,
391,5.25,USD,1,,
392,5.45,USD,1,,
393,5.50,USD,1,,
394,5.65,USD,1,,
395,10.25,USD,1,,
396,6.35,USD,1,,
397,7.10,USD,1,,
398,7.35,USD,1,,
399,6.10,USD,1,,
400,6.75,USD,1,,
401,5.60,USD,1,,
402,5.90,USD,1,,
403,10.90,USD,1,,
404,6.25,USD,1,,
405,5.45,USD,1,,
406,2.60,USD,1,,
407,2.60,USD,1,,
408,2.60,USD,1,,
409,6.70,USD,1,,
410,2.60,USD,1,,
411,2.60,USD,1,,
412,2.60,USD,1,,
413,2.60,USD,1,,
414,2.60,USD,1,,
415,2.60,USD,1,,
416,3.10,USD,1,,
417,3.45,USD,1,,
418,3.90,USD,1,,
419,4.15,USD,1,,
420,4.45,USD,1,,
421,4.75,USD,1,,
422,5.30,USD,1,,
423,5.65,USD,1,,
424,4.45,USD,1,,
425,5.65,USD,1,,
426,5.70,USD,1,,
427,5.15,USD,1,,
428,5.40,USD,1,,
429,4.95,USD,1,,
430,4.50,USD,1,,
431,4.35,USD,1,,
432,3.95,USD,1,,
433,3.30,USD,1,,
434,2.60,USD,1,,
435,2.80,USD,1,,
436,4.95,USD,1,,
437,4.95,USD,1,,
438,4.95,USD,1,,
439,4.95,USD,1,,
440,5.00,USD,1,,
441,5.05,USD,1,,
442,5.25,USD,1,,
443,5.30,USD,1,,
444,5.45,USD,1,,
445,9.95,USD,1,,
446,6.10,USD,1,,
447,6.90,USD,1,,
448,7.15,USD,1,,
449,5.90,USD,1,,
450,6.55,USD,1,,
451,5.55,USD,1,,
452,5.85,USD,1,,
453,10.80,USD,1,,
454,6.20,USD,1,,
455,5.40,USD,1,,
456,2.60,USD,1,,
457,2.60,USD,1,,
458,2.60,USD,1,,
459,2.60,USD,1,,
460,6.70,USD,1,,
461,2.60,USD,1,,
462,2.60,USD,1,,
463,2.60,USD,1,,
464,2.60,USD,1,,
465,2.60,USD,1,,
466,2.95,USD,1,,
467,3.30,USD,1,,
468,3.85,USD,1,,
469,4.10,USD,1,,
470,4.40,USD,1,,
471,4.70,USD,1,,
472,5.25,USD,1,,
473,5.60,USD,1,,
474,4.40,USD,1,,
475,5.60,USD,1,,
476,5.65,USD,1,,
477,5.10,USD,1,,
478,5.35,USD,1,,
479,4.85,USD,1,,
480,4.45,USD,1,,
481,4.25,USD,1,,
482,3.85,USD,1,,
483,3.20,USD,1,,
484,2.60,USD,1,,
485,2.65,USD,1,,
486,4.85,USD,1,,
487,4.85,USD,1,,
488,4.85,USD,1,,
489,4.85,USD,1,,
490,4.95,USD,1,,
491,5.00,USD,1,,
492,5.15,USD,1,,
493,5.25,USD,1,,
494,5.35,USD,1,,
495,9.80,USD,1,,
496,6.10,USD,1,,
497,6.85,USD,1,,
498,7.10,USD,1,,
499,5.80,USD,1,,
500,6.50,USD,1,,
501,5.45,USD,1,,
502,5.75,USD,1,,
503,10.75,USD,1,,
504,6.10,USD,1,,
505,5.30,USD,1,,
506,2.60,USD,1,,
507,2.60,USD,1,,
508,2.60,USD,1,,
509,2.60,USD,1,,
510,2.60,USD,1,,
511,6.70,USD,1,,
512,2.60,USD,1,,
513,2.60,USD,1,,
514,2.60,USD,1,,
515,2.60,USD,1,,
516,2.80,USD,1,,
517,3.15,USD,1,,
518,3.65,USD,1,,
519,4.00,USD,1,,
520,4.30,USD,1,,
521,4.60,USD,1,,
522,5.15,USD,1,,
523,5.50,USD,1,,
524,4.30,USD,1,,
525,5.50,USD,1,,
526,5.60,USD,1,,
527,5.05,USD,1,,
528,5.25,USD,1,,
529,4.85,USD,1,,
530,4.40,USD,1,,
531,4.20,USD,1,,
532,3.70,USD,1,,
533,3.00,USD,1,,
534,2.60,USD,1,,
535,2.60,USD,1,,
536,4.65,USD,1,,
537,4.65,USD,1,,
538,4.65,USD,1,,
539,4.65,USD,1,,
540,4.85,USD,1,,
541,4.90,USD,1,,
542,5.05,USD,1,,
543,5.15,USD,1,,
544,5.30,USD,1,,
545,9.65,USD,1,,
546,6.00,USD,1,,
547,6.75,USD,1,,
548,7.05,USD,1,,
549,5.80,USD,1,,
550,6.45,USD,1,,
551,5.35,USD,1,,
552,5.60,USD,1,,
553,10.60,USD,1,,
554,5.95,USD,1,,
555,5.15,USD,1,,
556,3.40,USD,1,,
557,3.00,USD,1,,
558,2.75,USD,1,,
559,2.60,USD,1,,
560,2.60,USD,1,,
561,2.60,USD,1,,
562,6.70,USD,1,,
563,2.60,USD,1,,
564,2.60,USD,1,,
565,2.60,USD,1,,
566,2.60,USD,1,,
567,2.90,USD,1,,
568,3.40,USD,1,,
569,3.80,USD,1,,
570,4.15,USD,1,,
571,4.50,USD,1,,
572,5.00,USD,1,,
573,5.35,USD,1,,
574,4.15,USD,1,,
575,5.35,USD,1,,
576,5.60,USD,1,,
577,5.05,USD,1,,
578,5.15,USD,1,,
579,4.85,USD,1,,
580,4.40,USD,1,,
581,4.20,USD,1,,
582,3.60,USD,1,,
583,2.60,USD,1,,
584,2.60,USD,1,,
585,2.60,USD,1,,
586,4.45,USD,1,,
587,4.45,USD,1,,
588,4.45,USD,1,,
589,4.45,USD,1,,
590,4.60,USD,1,,
591,4.75,USD,1,,
592,4.95,USD,1,,
593,5.00,USD,1,,
594,5.15,USD,1,,
595,9.40,USD,1,,
596,5.85,USD,1,,
597,6.60,USD,1,,
598,6.90,USD,1,,
599,5.80,USD,1,,
600,6.45,USD,1,,
601,5.20,USD,1,,
602,5.50,USD,1,,
603,10.50,USD,1,,
604,5.85,USD,1,,
605,5.05,USD,1,,
606,3.60,USD,1,,
607,3.25,USD,1,,
608,2.95,USD,1,,
609,2.60,USD,1,,
610,2.60,USD,1,,
611,2.60,USD,1,,
612,2.60,USD,1,,
613,6.70,USD,1,,
614,2.60,USD,1,,
615,2.60,USD,1,,
616,2.60,USD,1,,
617,2.60,USD,1,,
618,3.20,USD,1,,
619,3.60,USD,1,,
620,4.05,USD,1,,
621,4.40,USD,1,,
622,4.90,USD,1,,
623,5.30,USD,1,,
624,4.05,USD,1,,
625,5.25,USD,1,,
626,5.65,USD,1,,
627,5.10,USD,1,,
628,5.00,USD,1,,
629,4.85,USD,1,,
630,4.45,USD,1,,
631,4.25,USD,1,,
632,3.80,USD,1,,
633,3.10,USD,1,,
634,2.60,USD,1,,
635,2.60,USD,1,,
636,4.20,USD,1,,
637,4.20,USD,1,,
638,4.20,USD,1,,
639,4.20,USD,1,,
640,4.40,USD,1,,
641,4.50,USD,1,,
642,4.80,USD,1,,
643,4.90,USD,1,,
644,5.05,USD,1,,
645,9.10,USD,1,,
646,5.75,USD,1,,
647,6.50,USD,1,,
648,6.80,USD,1,,
649,5.80,USD,1,,
650,6.50,USD,1,,
651,5.20,USD,1,,
652,5.50,USD,1,,
653,10.50,USD,1,,
654,5.85,USD,1,,
655,5.05,USD,1,,
656,3.60,USD,1,,
657,3.25,USD,1,,
658,2.95,USD,1,,
659,2.60,USD,1,,
660,2.60,USD,1,,
661,2.60,USD,1,,
662,2.60,USD,1,,
663,2.60,USD,1,,
664,6.70,USD,1,,
665,2.60,USD,1,,
666,2.60,USD,1,,
667,2.60,USD,1,,
668,3.20,USD,1,,
669,3.60,USD,1,,
670,4.05,USD,1,,
671,4.40,USD,1,,
672,4.90,USD,1,,
673,5.30,USD,1,,
674,4.05,USD,1,,
675,5.25,USD,1,,
676,5.65,USD,1,,
677,5.10,USD,1,,
678,5.00,USD,1,,
679,4.85,USD,1,,
680,4.45,USD,1,,
681,4.25,USD,1,,
682,3.80,USD,1,,
683,3.10,USD,1,,
684,2.60,USD,1,,
685,2.60,USD,1,,
686,4.20,USD,1,,
687,4.20,USD,1,,
688,4.20,USD,1,,
689,4.20,USD,1,,
690,4.40,USD,1,,
691,4.50,USD,1,,
692,4.80,USD,1,,
693,4.90,USD,1,,
694,5.05,USD,1,,
695,9.10,USD,1,,
696,5.75,USD,1,,
697,6.50,USD,1,,
698,6.80,USD,1,,
699,5.80,USD,1,,
700,6.50,USD,1,,
701,5.20,USD,1,,
702,5.50,USD,1,,
703,10.50,USD,1,,
704,5.85,USD,1,,
705,5.05,USD,1,,
706,3.60,USD,1,,
707,3.25,USD,1,,
708,2.95,USD,1,,
709,2.60,USD,1,,
710,2.60,USD,1,,
711,2.60,USD,1,,
712,2.60,USD,1,,
713,2.60,USD,1,,
714,2.60,USD,1,,
715,6.70,USD,1,,
716,2.60,USD,1,,
717,2.60,USD,1,,
718,3.20,USD,1,,
719,3.60,USD,1,,
720,4.05,USD,1,,
721,4.40,USD,1,,
722,4.90,USD,1,,
723,5.30,USD,1,,
724,4.05,USD,1,,
725,5.25,USD,1,,
726,5.65,USD,1,,
727,5.10,USD,1,,
728,5.00,USD,1,,
729,4.85,USD,1,,
730,4.45,USD,1,,
731,4.25,USD,1,,
732,3.80,USD,1,,
733,3.10,USD,1,,
734,2.60,USD,1,,
735,2.60,USD,1,,
736,4.20,USD,1,,
737,4.20,USD,1,,
738,4.20,USD,1,,
739,4.20,USD,1,,
740,4.40,USD,1,,
741,4.50,USD,1,,
742,4.80,USD,1,,
743,4.90,USD,1,,
744,5.05,USD,1,,
745,9.10,USD,1,,
746,5.75,USD,1,,
747,6.50,USD,1,,
748,6.80,USD,1,,
749,5.80,USD,1,,
750,6.50,USD,1,,
751,5.50,USD,1,,
752,5.80,USD,1,,
753,10.80,USD,1,,
754,6.15,USD,1,,
755,4.80,USD,1,,
756,3.95,USD,1,,
757,3.75,USD,1,,
758,3.45,USD,1,,
759,3.10,USD,1,,
760,2.95,USD,1,,
761,2.80,USD,1,,
762,2.60,USD,1,,
763,2.60,USD,1,,
764,2.60,USD,1,,
765,2.60,USD,1,,
766,6.70,USD,1,,
767,2.60,USD,1,,
768,2.60,USD,1,,
769,3.10,USD,1,,
770,3.60,USD,1,,
771,4.10,USD,1,,
772,4.65,USD,1,,
773,5.00,USD,1,,
774,3.60,USD,1,,
775,4.95,USD,1,,
776,5.80,USD,1,,
777,5.25,USD,1,,
778,5.30,USD,1,,
779,5.05,USD,1,,
780,4.60,USD,1,,
781,4.45,USD,1,,
782,4.05,USD,1,,
783,3.45,USD,1,,
784,2.65,USD,1,,
785,2.60,USD,1,,
786,4.70,USD,1,,
787,4.70,USD,1,,
788,4.70,USD,1,,
789,4.70,USD,1,,
790,4.90,USD,1,,
791,5.00,USD,1,,
792,5.10,USD,1,,
793,5.20,USD,1,,
794,5.35,USD,1,,
795,9.10,USD,1,,
796,5.45,USD,1,,
797,6.25,USD,1,,
798,6.50,USD,1,,
799,6.00,USD,1,,
800,6.65,USD,1,,
801,5.75,USD,1,,
802,6.00,USD,1,,
803,11.00,USD,1,,
804,6.35,USD,1,,
805,4.60,USD,1,,
806,4.20,USD,1,,
807,3.95,USD,1,,
808,3.80,USD,1,,
809,3.45,USD,1,,
810,3.30,USD,1,,
811,3.15,USD,1,,
812,2.90,USD,1,,
813,2.60,USD,1,,
814,2.60,USD,1,,
815,2.60,USD,1,,
816,2.60,USD,1,,
817,6.70,USD,1,,
818,2.60,USD,1,,
819,2.60,USD,1,,
820,3.25,USD,1,,
821,3.75,USD,1,,
822,4.40,USD,1,,
823,4.80,USD,1,,
824,3.25,USD,1,,
825,4.75,USD,1,,
826,6.00,USD,1,,
827,5.45,USD,1,,
828,5.55,USD,1,,
829,5.25,USD,1,,
830,4.80,USD,1,,
831,4.65,USD,1,,
832,4.25,USD,1,,
833,3.85,USD,1,,
834,2.95,USD,1,,
835,2.85,USD,1,,
836,5.00,USD,1,,
837,5.00,USD,1,,
838,5.00,USD,1,,
839,5.00,USD,1,,
840,5.15,USD,1,,
841,5.20,USD,1,,
842,5.35,USD,1,,
843,5.40,USD,1,,
844,5.55,USD,1,,
845,7.00,USD,1,,
846,5.25,USD,1,,
847,6.05,USD,1,,
848,6.30,USD,1,,
849,6.20,USD,1,,
850,6.85,USD,1,,
851,6.05,USD,1,,
852,6.30,USD,1,,
853,11.30,USD,1,,
854,6.70,USD,1,,
855,4.30,USD,1,,
856,4.50,USD,1,,
857,4.30,USD,1,,
858,4.10,USD,1,,
859,3.90,USD,1,,
860,3.85,USD,1,,
861,3.65,USD,1,,
862,3.40,USD,1,,
863,3.20,USD,1,,
864,3.20,USD,1,,
865,3.20,USD,1,,
866,2.60,USD,1,,
867,2.60,USD,1,,
868,6.70,USD,1,,
869,2.60,USD,1,,
870,2.60,USD,1,,
871,3.25,USD,1,,
872,4.05,USD,1,,
873,4.45,USD,1,,
874,2.60,USD,1,,
875,4.45,USD,1,,
876,6.35,USD,1,,
877,5.75,USD,1,,
878,5.85,USD,1,,
879,5.55,USD,1,,
880,5.15,USD,1,,
881,4.95,USD,1,,
882,4.60,USD,1,,
883,4.15,USD,1,,
884,3.45,USD,1,,
885,3.35,USD,1,,
886,5.40,USD,1,,
887,5.40,USD,1,,
888,5.40,USD,1,,
889,5.40,USD,1,,
890,5.45,USD,1,,
891,5.50,USD,1,,
892,5.65,USD,1,,
893,5.75,USD,1,,
894,5.85,USD,1,,
895,9.10,USD,1,,
896,4.95,USD,1,,
897,5.70,USD,1,,
898,6.00,USD,1,,
899,6.50,USD,1,,
900,7.20,USD,1,,
901,6.30,USD,1,,
902,6.60,USD,1,,
903,11.60,USD,1,,
904,6.95,USD,1,,
905,2.60,USD,1,,
906,4.75,USD,1,,
907,4.50,USD,1,,
908,4.35,USD,1,,
909,4.15,USD,1,,
910,4.10,USD,1,,
911,4.00,USD,1,,
912,3.80,USD,1,,
913,3.60,USD,1,,
914,3.60,USD,1,,
915,3.60,USD,1,,
916,3.10,USD,1,,
917,2.60,USD,1,,
918,2.60,USD,1,,
919,6.70,USD,1,,
920,2.60,USD,1,,
921,2.60,USD,1,,
922,2.60,USD,1,,
923,2.60,USD,1,,
924,2.60,USD,1,,
925,2.60,USD,1,,
926,6.60,USD,1,,
927,6.05,USD,1,,
928,6.10,USD,1,,
929,5.80,USD,1,,
930,5.35,USD,1,,
931,5.20,USD,1,,
932,4.80,USD,1,,
933,4.40,USD,1,,
934,3.80,USD,1,,
935,3.80,USD,1,,
936,5.60,USD,1,,
937,5.60,USD,1,,
938,5.60,USD,1,,
939,5.60,USD,1,,
940,5.70,USD,1,,
941,5.75,USD,1,,
942,5.90,USD,1,,
943,6.00,USD,1,,
944,6.10,USD,1,,
945,9.10,USD,1,,
946,4.70,USD,1,,
947,5.45,USD,1,,
948,5.75,USD,1,,
949,6.75,USD,1,,
950,7.45,USD,1,,
951,6.60,USD,1,,
952,6.90,USD,1,,
953,11.90,USD,1,,
954,7.25,USD,1,,
955,4.35,USD,1,,
956,5.05,USD,1,,
957,4.85,USD,1,,
958,4.65,USD,1,,
959,4.45,USD,1,,
960,4.40,USD,1,,
961,4.30,USD,1,,
962,4.15,USD,1,,
963,4.05,USD,1,,
964,4.05,USD,1,,
965,4.05,USD,1,,
966,3.60,USD,1,,
967,3.25,USD,1,,
968,2.60,USD,1,,
969,2.60,USD,1,,
970,6.70,USD,1,,
971,2.60,USD,1,,
972,2.60,USD,1,,
973,2.60,USD,1,,
974,2.60,USD,1,,
975,4.50,USD,1,,
976,6.90,USD,1,,
977,6.30,USD,1,,
978,6.40,USD,1,,
979,6.10,USD,1,,
980,5.70,USD,1,,
981,5.50,USD,1,,
982,5.15,USD,1,,
983,4.70,USD,1,,
984,4.15,USD,1,,
985,4.15,USD,1,,
986,5.95,USD,1,,
987,5.95,USD,1,,
988,5.95,USD,1,,
989,5.95,USD,1,,
990,6.00,USD,1,,
991,6.05,USD,1,,
992,6.20,USD,1,,
993,6.30,USD,1,,
994,6.45,USD,1,,
995,9.75,USD,1,,
996,4.40,USD,1,,
997,5.15,USD,1,,
998,5.45,USD,1,,
999,7.05,USD,1,,
1000,7.75,USD,1,,
1001,6.90,USD,1,,
1002,7.20,USD,1,,
1003,12.20,USD,1,,
1004,7.55,USD,1,,
1005,4.65,USD,1,,
1006,5.35,USD,1,,
1007,5.15,USD,1,,
1008,4.95,USD,1,,
1009,4.75,USD,1,,
1010,4.70,USD,1,,
1011,4.60,USD,1,,
1012,4.50,USD,1,,
1013,4.40,USD,1,,
1014,4.40,USD,1,,
1015,4.40,USD,1,,
1016,4.10,USD,1,,
1017,3.75,USD,1,,
1018,3.25,USD,1,,
1019,2.60,USD,1,,
1020,2.60,USD,1,,
1021,6.70,USD,1,,
1022,2.60,USD,1,,
1023,2.60,USD,1,,
1024,3.35,USD,1,,
1025,4.80,USD,1,,
1026,7.20,USD,1,,
1027,6.65,USD,1,,
1028,6.70,USD,1,,
1029,6.45,USD,1,,
1030,6.00,USD,1,,
1031,5.85,USD,1,,
1032,5.45,USD,1,,
1033,5.05,USD,1,,
1034,4.50,USD,1,,
1035,4.50,USD,1,,
1036,6.25,USD,1,,
1037,6.25,USD,1,,
1038,6.25,USD,1,,
1039,6.25,USD,1,,
1040,6.30,USD,1,,
1041,6.40,USD,1,,
1042,6.55,USD,1,,
1043,6.60,USD,1,,
1044,6.75,USD,1,,
1045,10.25,USD,1,,
1046,2.60,USD,1,,
1047,4.85,USD,1,,
1048,5.10,USD,1,,
1049,7.40,USD,1,,
1050,8.05,USD,1,,
1051,7.45,USD,1,,
1052,7.75,USD,1,,
1053,12.75,USD,1,,
1054,8.10,USD,1,,
1055,5.15,USD,1,,
1056,5.90,USD,1,,
1057,5.65,USD,1,,
1058,5.50,USD,1,,
1059,5.30,USD,1,,
1060,5.25,USD,1,,
1061,5.15,USD,1,,
1062,5.00,USD,1,,
1063,4.90,USD,1,,
1064,4.90,USD,1,,
1065,4.90,USD,1,,
1066,4.65,USD,1,,
1067,4.40,USD,1,,
1068,4.05,USD,1,,
1069,2.60,USD,1,,
1070,2.60,USD,1,,
1071,2.60,USD,1,,
1072,6.70,USD,1,,
1073,2.60,USD,1,,
1074,4.10,USD,1,,
1075,5.35,USD,1,,
1076,7.75,USD,1,,
1077,7.20,USD,1,,
1078,7.25,USD,1,,
1079,6.95,USD,1,,
1080,6.50,USD,1,,
1081,6.35,USD,1,,
1082,5.95,USD,1,,
1083,5.55,USD,1,,
1084,5.00,USD,1,,
1085,5.00,USD,1,,
1086,6.75,USD,1,,
1087,6.75,USD,1,,
1088,6.75,USD,1,,
1089,6.75,USD,1,,
1090,6.85,USD,1,,
1091,6.90,USD,1,,
1092,7.05,USD,1,,
1093,7.15,USD,1,,
1094,7.30,USD,1,,
1095,10.90,USD,1,,
1096,2.60,USD,1,,
1097,4.30,USD,1,,
1098,4.60,USD,1,,
1099,7.90,USD,1,,
1100,8.60,USD,1,,
1101,7.80,USD,1,,
1102,8.10,USD,1,,
1103,13.10,USD,1,,
1104,8.45,USD,1,,
1105,5.55,USD,1,,
1106,6.25,USD,1,,
1107,6.05,USD,1,,
1108,5.85,USD,1,,
1109,5.65,USD,1,,
1110,5.60,USD,1,,
1111,5.50,USD,1,,
1112,5.35,USD,1,,
1113,5.30,USD,1,,
1114,5.30,USD,1,,
1115,5.30,USD,1,,
1116,5.00,USD,1,,
1117,4.80,USD,1,,
1118,4.45,USD,1,,
1119,2.60,USD,1,,
1120,2.60,USD,1,,
1121,2.60,USD,1,,
1122,2.60,USD,1,,
1123,6.70,USD,1,,
1124,4.50,USD,1,,
1125,5.70,USD,1,,
1126,8.10,USD,1,,
1127,7.55,USD,1,,
1128,7.60,USD,1,,
1129,7.35,USD,1,,
1130,6.90,USD,1,,
1131,6.70,USD,1,,
1132,6.35,USD,1,,
1133,5.95,USD,1,,
1134,5.35,USD,1,,
1135,5.40,USD,1,,
1136,7.15,USD,1,,
1137,7.15,USD,1,,
1138,7.15,USD,1,,
1139,7.15,USD,1,,
1140,7.20,USD,1,,
1141,7.25,USD,1,,
1142,7.45,USD,1,,
1143,7.50,USD,1,,
1144,7.65,USD,1,,
1145,11.25,USD,1,,
1146,2.60,USD,1,,
1147,3.80,USD,1,,
1148,4.20,USD,1,,
1149,8.25,USD,1,,
1150,8.95,USD,1,,
1151,6.60,USD,1,,
1152,6.90,USD,1,,
1153,11.90,USD,1,,
1154,7.25,USD,1,,
1155,2.60,USD,1,,
1156,5.05,USD,1,,
1157,4.80,USD,1,,
1158,4.65,USD,1,,
1159,4.45,USD,1,,
1160,4.40,USD,1,,
1161,4.30,USD,1,,
1162,4.15,USD,1,,
1163,4.05,USD,1,,
1164,4.05,USD,1,,
1165,4.05,USD,1,,
1166,3.60,USD,1,,
1167,3.25,USD,1,,
1168,2.60,USD,1,,
1169,2.60,USD,1,,
1170,2.60,USD,1,,
1171,3.35,USD,1,,
1172,4.10,USD,1,,
1173,4.50,USD,1,,
1174,6.70,USD,1,,
1175,2.60,USD,1,,
1176,6.90,USD,1,,
1177,6.35,USD,1,,
1178,6.40,USD,1,,
1179,6.10,USD,1,,
1180,5.65,USD,1,,
1181,5.50,USD,1,,
1182,5.10,USD,1,,
1183,4.70,USD,1,,
1184,4.15,USD,1,,
1185,4.15,USD,1,,
1186,5.95,USD,1,,
1187,5.95,USD,1,,
1188,5.95,USD,1,,
1189,5.95,USD,1,,
1190,6.00,USD,1,,
1191,6.05,USD,1,,
1192,6.20,USD,1,,
1193,6.30,USD,1,,
1194,6.45,USD,1,,
1195,9.75,USD,1,,
1196,5.00,USD,1,,
1197,5.75,USD,1,,
1198,6.05,USD,1,,
1199,7.05,USD,1,,
1200,7.75,USD,1,,
1201,7.80,USD,1,,
1202,8.05,USD,1,,
1203,13.05,USD,1,,
1204,8.45,USD,1,,
1205,2.60,USD,1,,
1206,6.25,USD,1,,
1207,6.00,USD,1,,
1208,5.85,USD,1,,
1209,5.65,USD,1,,
1210,5.60,USD,1,,
1211,5.50,USD,1,,
1212,5.35,USD,1,,
1213,5.25,USD,1,,
1214,5.25,USD,1,,
1215,5.25,USD,1,,
1216,4.95,USD,1,,
1217,4.75,USD,1,,
1218,4.45,USD,1,,
1219,2.60,USD,1,,
1220,4.50,USD,1,,
1221,4.80,USD,1,,
1222,5.35,USD,1,,
1223,5.70,USD,1,,
1224,2.60,USD,1,,
1225,6.70,USD,1,,
1226,8.10,USD,1,,
1227,7.50,USD,1,,
1228,7.60,USD,1,,
1229,7.30,USD,1,,
1230,6.85,USD,1,,
1231,6.70,USD,1,,
1232,6.30,USD,1,,
1233,5.90,USD,1,,
1234,5.35,USD,1,,
1235,5.35,USD,1,,
1236,7.10,USD,1,,
1237,7.10,USD,1,,
1238,7.10,USD,1,,
1239,7.10,USD,1,,
1240,7.20,USD,1,,
1241,7.25,USD,1,,
1242,7.40,USD,1,,
1243,7.50,USD,1,,
1244,7.60,USD,1,,
1245,11.25,USD,1,,
1246,6.20,USD,1,,
1247,6.95,USD,1,,
1248,7.20,USD,1,,
1249,8.25,USD,1,,
1250,8.95,USD,1,,
1251,8.25,USD,1,,
1252,8.50,USD,1,,
1253,13.50,USD,1,,
1254,8.85,USD,1,,
1255,7.90,USD,1,,
1256,6.30,USD,1,,
1257,6.10,USD,1,,
1258,5.90,USD,1,,
1259,5.70,USD,1,,
1260,5.65,USD,1,,
1261,5.60,USD,1,,
1262,5.60,USD,1,,
1263,5.65,USD,1,,
1264,5.65,USD,1,,
1265,5.65,USD,1,,
1266,5.80,USD,1,,
1267,6.00,USD,1,,
1268,6.35,USD,1,,
1269,6.60,USD,1,,
1270,6.90,USD,1,,
1271,7.20,USD,1,,
1272,7.75,USD,1,,
1273,8.10,USD,1,,
1274,6.90,USD,1,,
1275,8.10,USD,1,,
1276,6.70,USD,1,,
1277,2.60,USD,1,,
1278,8.05,USD,1,,
1279,2.60,USD,1,,
1280,2.60,USD,1,,
1281,2.60,USD,1,,
1282,4.45,USD,1,,
1283,4.85,USD,1,,
1284,5.45,USD,1,,
1285,5.80,USD,1,,
1286,7.55,USD,1,,
1287,7.55,USD,1,,
1288,7.55,USD,1,,
1289,7.55,USD,1,,
1290,7.65,USD,1,,
1291,7.70,USD,1,,
1292,7.85,USD,1,,
1293,7.95,USD,1,,
1294,8.05,USD,1,,
1295,12.50,USD,1,,
1296,8.55,USD,1,,
1297,9.35,USD,1,,
1298,9.60,USD,1,,
1299,2.60,USD,1,,
1300,2.60,USD,1,,
1301,7.70,USD,1,,
1302,7.95,USD,1,,
1303,12.95,USD,1,,
1304,8.30,USD,1,,
1305,7.35,USD,1,,
1306,5.75,USD,1,,
1307,5.55,USD,1,,
1308,5.35,USD,1,,
1309,5.15,USD,1,,
1310,5.10,USD,1,,
1311,5.05,USD,1,,
1312,5.05,USD,1,,
1313,5.10,USD,1,,
1314,5.10,USD,1,,
1315,5.10,USD,1,,
1316,5.25,USD,1,,
1317,5.45,USD,1,,
1318,5.75,USD,1,,
1319,6.05,USD,1,,
1320,6.30,USD,1,,
1321,6.65,USD,1,,
1322,7.20,USD,1,,
1323,7.55,USD,1,,
1324,6.35,USD,1,,
1325,7.50,USD,1,,
1326,2.60,USD,1,,
1327,6.70,USD,1,,
1328,7.50,USD,1,,
1329,2.60,USD,1,,
1330,2.60,USD,1,,
1331,2.60,USD,1,,
1332,3.80,USD,1,,
1333,4.30,USD,1,,
1334,4.90,USD,1,,
1335,5.25,USD,1,,
1336,7.00,USD,1,,
1337,7.00,USD,1,,
1338,7.00,USD,1,,
1339,7.00,USD,1,,
1340,7.10,USD,1,,
1341,7.15,USD,1,,
1342,7.30,USD,1,,
1343,7.35,USD,1,,
1344,7.50,USD,1,,
1345,11.95,USD,1,,
1346,8.00,USD,1,,
1347,8.80,USD,1,,
1348,9.05,USD,1,,
1349,2.60,USD,1,,
1350,4.15,USD,1,,
1351,3.95,USD,1,,
1352,3.95,USD,1,,
1353,9.10,USD,1,,
1354,4.55,USD,1,,
1355,7.40,USD,1,,
1356,6.00,USD,1,,
1357,5.80,USD,1,,
1358,5.60,USD,1,,
1359,5.40,USD,1,,
1360,5.35,USD,1,,
1361,5.25,USD,1,,
1362,5.15,USD,1,,
1363,5.00,USD,1,,
1364,5.00,USD,1,,
1365,5.00,USD,1,,
1366,5.30,USD,1,,
1367,5.55,USD,1,,
1368,5.85,USD,1,,
1369,6.10,USD,1,,
1370,6.40,USD,1,,
1371,6.70,USD,1,,
1372,7.25,USD,1,,
1373,7.60,USD,1,,
1374,6.40,USD,1,,
1375,7.60,USD,1,,
1376,8.05,USD,1,,
1377,7.50,USD,1,,
1378,6.70,USD,1,,
1379,7.25,USD,1,,
1380,6.80,USD,1,,
1381,6.65,USD,1,,
1382,6.25,USD,1,,
1383,5.85,USD,1,,
1384,5.25,USD,1,,
1385,4.95,USD,1,,
1386,4.40,USD,1,,
1387,4.40,USD,1,,
1388,4.40,USD,1,,
1389,4.40,USD,1,,
1390,4.20,USD,1,,
1391,4.10,USD,1,,
1392,3.95,USD,1,,
1393,3.95,USD,1,,
1394,3.95,USD,1,,
1395,12.00,USD,1,,
1396,8.10,USD,1,,
1397,8.85,USD,1,,
1398,9.10,USD,1,,
1399,8.20,USD,1,,
1400,8.90,USD,1,,
1401,7.45,USD,1,,
1402,7.75,USD,1,,
1403,12.75,USD,1,,
1404,8.10,USD,1,,
1405,7.15,USD,1,,
1406,5.55,USD,1,,
1407,5.30,USD,1,,
1408,5.15,USD,1,,
1409,4.95,USD,1,,
1410,4.85,USD,1,,
1411,4.85,USD,1,,
1412,4.85,USD,1,,
1413,4.85,USD,1,,
1414,4.85,USD,1,,
1415,4.85,USD,1,,
1416,5.05,USD,1,,
1417,5.25,USD,1,,
1418,5.55,USD,1,,
1419,5.80,USD,1,,
1420,6.10,USD,1,,
1421,6.45,USD,1,,
1422,6.95,USD,1,,
1423,7.35,USD,1,,
1424,6.10,USD,1,,
1425,7.30,USD,1,,
1426,2.60,USD,1,,
1427,2.60,USD,1,,
1428,7.25,USD,1,,
1429,6.70,USD,1,,
1430,2.60,USD,1,,
1431,2.60,USD,1,,
1432,2.60,USD,1,,
1433,2.60,USD,1,,
1434,4.70,USD,1,,
1435,5.00,USD,1,,
1436,6.80,USD,1,,
1437,6.80,USD,1,,
1438,6.80,USD,1,,
1439,6.80,USD,1,,
1440,6.85,USD,1,,
1441,6.90,USD,1,,
1442,7.10,USD,1,,
1443,7.15,USD,1,,
1444,7.30,USD,1,,
1445,11.75,USD,1,,
1446,7.80,USD,1,,
1447,8.55,USD,1,,
1448,8.85,USD,1,,
1449,2.60,USD,1,,
1450,4.35,USD,1,,
1451,7.00,USD,1,,
1452,7.30,USD,1,,
1453,12.30,USD,1,,
1454,7.65,USD,1,,
1455,6.70,USD,1,,
1456,5.10,USD,1,,
1457,4.85,USD,1,,
1458,4.70,USD,1,,
1459,4.50,USD,1,,
1460,4.45,USD,1,,
1461,4.40,USD,1,,
1462,4.40,USD,1,,
1463,4.45,USD,1,,
1464,4.45,USD,1,,
1465,4.45,USD,1,,
1466,4.60,USD,1,,
1467,4.80,USD,1,,
1468,5.15,USD,1,,
1469,5.35,USD,1,,
1470,5.70,USD,1,,
1471,6.00,USD,1,,
1472,6.50,USD,1,,
1473,6.90,USD,1,,
1474,5.65,USD,1,,
1475,6.85,USD,1,,
1476,2.60,USD,1,,
1477,2.60,USD,1,,
1478,6.80,USD,1,,
1479,2.60,USD,1,,
1480,6.70,USD,1,,
1481,2.60,USD,1,,
1482,2.60,USD,1,,
1483,2.60,USD,1,,
1484,4.25,USD,1,,
1485,4.60,USD,1,,
1486,6.35,USD,1,,
1487,6.35,USD,1,,
1488,6.35,USD,1,,
1489,6.35,USD,1,,
1490,6.40,USD,1,,
1491,6.50,USD,1,,
1492,6.65,USD,1,,
1493,6.70,USD,1,,
1494,6.85,USD,1,,
1495,11.30,USD,1,,
1496,7.35,USD,1,,
1497,8.15,USD,1,,
1498,8.40,USD,1,,
1499,4.10,USD,1,,
1500,4.75,USD,1,,
1501,6.85,USD,1,,
1502,7.15,USD,1,,
1503,12.15,USD,1,,
1504,7.50,USD,1,,
1505,6.50,USD,1,,
1506,4.95,USD,1,,
1507,4.70,USD,1,,
1508,4.55,USD,1,,
1509,4.35,USD,1,,
1510,4.25,USD,1,,
1511,4.20,USD,1,,
1512,4.20,USD,1,,
1513,4.25,USD,1,,
1514,4.25,USD,1,,
1515,4.25,USD,1,,
1516,4.45,USD,1,,
1517,4.65,USD,1,,
1518,4.95,USD,1,,
1519,5.20,USD,1,,
1520,5.50,USD,1,,
1521,5.85,USD,1,,
1522,6.35,USD,1,,
1523,6.70,USD,1,,
1524,5.50,USD,1,,
1525,6.70,USD,1,,
1526,2.60,USD,1,,
1527,2.60,USD,1,,
1528,6.65,USD,1,,
1529,2.60,USD,1,,
1530,2.60,USD,1,,
1531,6.70,USD,1,,
1532,2.60,USD,1,,
1533,2.60,USD,1,,
1534,3.95,USD,1,,
1535,4.40,USD,1,,
1536,6.20,USD,1,,
1537,6.20,USD,1,,
1538,6.20,USD,1,,
1539,6.20,USD,1,,
1540,6.25,USD,1,,
1541,6.30,USD,1,,
1542,6.45,USD,1,,
1543,6.55,USD,1,,
1544,6.70,USD,1,,
1545,11.15,USD,1,,
1546,7.20,USD,1,,
1547,7.95,USD,1,,
1548,8.25,USD,1,,
1549,4.25,USD,1,,
1550,4.95,USD,1,,
1551,6.45,USD,1,,
1552,6.75,USD,1,,
1553,11.75,USD,1,,
1554,7.10,USD,1,,
1555,6.15,USD,1,,
1556,4.55,USD,1,,
1557,4.35,USD,1,,
1558,4.15,USD,1,,
1559,3.95,USD,1,,
1560,3.85,USD,1,,
1561,3.70,USD,1,,
1562,3.60,USD,1,,
1563,3.80,USD,1,,
1564,3.80,USD,1,,
1565,3.80,USD,1,,
1566,4.05,USD,1,,
1567,4.25,USD,1,,
1568,4.60,USD,1,,
1569,4.80,USD,1,,
1570,5.15,USD,1,,
1571,5.45,USD,1,,
1572,5.95,USD,1,,
1573,6.35,USD,1,,
1574,5.10,USD,1,,
1575,6.30,USD,1,,
1576,4.45,USD,1,,
1577,3.80,USD,1,,
1578,6.25,USD,1,,
1579,2.60,USD,1,,
1580,2.60,USD,1,,
1581,2.60,USD,1,,
1582,6.70,USD,1,,
1583,2.60,USD,1,,
1584,3.40,USD,1,,
1585,4.00,USD,1,,
1586,5.80,USD,1,,
1587,5.80,USD,1,,
1588,5.80,USD,1,,
1589,5.80,USD,1,,
1590,5.85,USD,1,,
1591,5.95,USD,1,,
1592,6.10,USD,1,,
1593,6.15,USD,1,,
1594,6.30,USD,1,,
1595,10.75,USD,1,,
1596,6.80,USD,1,,
1597,7.60,USD,1,,
1598,7.85,USD,1,,
1599,4.65,USD,1,,
1600,5.30,USD,1,,
1601,6.05,USD,1,,
1602,6.35,USD,1,,
1603,11.35,USD,1,,
1604,6.70,USD,1,,
1605,5.75,USD,1,,
1606,4.15,USD,1,,
1607,3.95,USD,1,,
1608,3.65,USD,1,,
1609,3.30,USD,1,,
1610,3.20,USD,1,,
1611,3.00,USD,1,,
1612,2.60,USD,1,,
1613,3.10,USD,1,,
1614,3.10,USD,1,,
1615,3.10,USD,1,,
1616,3.45,USD,1,,
1617,3.85,USD,1,,
1618,4.15,USD,1,,
1619,4.40,USD,1,,
1620,4.70,USD,1,,
1621,5.05,USD,1,,
1622,5.55,USD,1,,
1623,5.95,USD,1,,
1624,4.70,USD,1,,
1625,5.90,USD,1,,
1626,4.85,USD,1,,
1627,4.30,USD,1,,
1628,5.85,USD,1,,
1629,2.60,USD,1,,
1630,2.60,USD,1,,
1631,2.60,USD,1,,
1632,2.60,USD,1,,
1633,6.70,USD,1,,
1634,2.60,USD,1,,
1635,3.35,USD,1,,
1636,5.40,USD,1,,
1637,5.40,USD,1,,
1638,5.40,USD,1,,
1639,5.40,USD,1,,
1640,5.45,USD,1,,
1641,5.50,USD,1,,
1642,5.65,USD,1,,
1643,5.75,USD,1,,
1644,5.90,USD,1,,
1645,10.35,USD,1,,
1646,6.40,USD,1,,
1647,7.15,USD,1,,
1648,7.45,USD,1,,
1649,5.05,USD,1,,
1650,5.75,USD,1,,
1651,5.45,USD,1,,
1652,5.75,USD,1,,
1653,10.75,USD,1,,
1654,6.10,USD,1,,
1655,5.15,USD,1,,
1656,3.45,USD,1,,
1657,3.10,USD,1,,
1658,2.80,USD,1,,
1659,2.60,USD,1,,
1660,2.60,USD,1,,
1661,2.60,USD,1,,
1662,2.60,USD,1,,
1663,2.60,USD,1,,
1664,2.60,USD,1,,
1665,2.60,USD,1,,
1666,2.65,USD,1,,
1667,2.95,USD,1,,
1668,3.45,USD,1,,
1669,3.80,USD,1,,
1670,4.15,USD,1,,
1671,4.50,USD,1,,
1672,5.00,USD,1,,
1673,5.35,USD,1,,
1674,4.15,USD,1,,
1675,5.35,USD,1,,
1676,5.45,USD,1,,
1677,4.90,USD,1,,
1678,5.25,USD,1,,
1679,4.70,USD,1,,
1680,4.25,USD,1,,
1681,3.95,USD,1,,
1682,3.40,USD,1,,
1683,2.60,USD,1,,
1684,6.70,USD,1,,
1685,2.60,USD,1,,
1686,4.65,USD,1,,
1687,4.65,USD,1,,
1688,4.65,USD,1,,
1689,4.65,USD,1,,
1690,4.85,USD,1,,
1691,4.95,USD,1,,
1692,5.05,USD,1,,
1693,5.15,USD,1,,
1694,5.30,USD,1,,
1695,9.45,USD,1,,
1696,5.85,USD,1,,
1697,6.60,USD,1,,
1698,6.90,USD,1,,
1699,5.65,USD,1,,
1700,6.30,USD,1,,
1701,5.15,USD,1,,
1702,5.40,USD,1,,
1703,10.40,USD,1,,
1704,5.75,USD,1,,
1705,5.20,USD,1,,
1706,3.80,USD,1,,
1707,3.45,USD,1,,
1708,3.15,USD,1,,
1709,2.80,USD,1,,
1710,2.65,USD,1,,
1711,2.60,USD,1,,
1712,2.60,USD,1,,
1713,2.60,USD,1,,
1714,2.60,USD,1,,
1715,2.60,USD,1,,
1716,2.60,USD,1,,
1717,2.85,USD,1,,
1718,3.35,USD,1,,
1719,3.80,USD,1,,
1720,4.15,USD,1,,
1721,4.50,USD,1,,
1722,5.00,USD,1,,
1723,5.40,USD,1,,
1724,4.15,USD,1,,
1725,5.35,USD,1,,
1726,5.80,USD,1,,
1727,5.25,USD,1,,
1728,4.95,USD,1,,
1729,5.00,USD,1,,
1730,4.60,USD,1,,
1731,4.40,USD,1,,
1732,4.00,USD,1,,
1733,3.35,USD,1,,
1734,2.60,USD,1,,
1735,6.70,USD,1,,
1736,3.95,USD,1,,
1737,3.95,USD,1,,
1738,3.95,USD,1,,
1739,3.95,USD,1,,
1740,4.20,USD,1,,
1741,4.30,USD,1,,
1742,4.60,USD,1,,
1743,4.75,USD,1,,
1744,4.95,USD,1,,
1745,9.35,USD,1,,
1746,5.85,USD,1,,
1747,6.60,USD,1,,
1748,6.90,USD,1,,
1749,5.95,USD,1,,
1750,6.65,USD,1,,
1751,4.75,USD,1,,
1752,5.15,USD,1,,
1753,10.15,USD,1,,
1754,5.55,USD,1,,
1755,6.95,USD,1,,
1756,5.55,USD,1,,
1757,5.30,USD,1,,
1758,5.15,USD,1,,
1759,4.95,USD,1,,
1760,4.85,USD,1,,
1761,4.65,USD,1,,
1762,4.45,USD,1,,
1763,4.20,USD,1,,
1764,4.20,USD,1,,
1765,4.20,USD,1,,
1766,4.70,USD,1,,
1767,5.00,USD,1,,
1768,5.40,USD,1,,
1769,5.60,USD,1,,
1770,5.95,USD,1,,
1771,6.25,USD,1,,
1772,6.75,USD,1,,
1773,7.15,USD,1,,
1774,5.95,USD,1,,
1775,7.10,USD,1,,
1776,7.55,USD,1,,
1777,7.00,USD,1,,
1778,4.40,USD,1,,
1779,6.80,USD,1,,
1780,6.35,USD,1,,
1781,6.20,USD,1,,
1782,5.80,USD,1,,
1783,5.40,USD,1,,
1784,4.65,USD,1,,
1785,3.95,USD,1,,
1786,6.70,USD,1,,
1787,2.60,USD,1,,
1788,2.60,USD,1,,
1789,2.60,USD,1,,
1790,2.60,USD,1,,
1791,2.60,USD,1,,
1792,2.60,USD,1,,
1793,2.60,USD,1,,
1794,4.00,USD,1,,
1795,11.50,USD,1,,
1796,7.60,USD,1,,
1797,8.40,USD,1,,
1798,8.65,USD,1,,
1799,7.75,USD,1,,
1800,8.40,USD,1,,
1801,4.75,USD,1,,
1802,5.15,USD,1,,
1803,10.15,USD,1,,
1804,5.55,USD,1,,
1805,6.95,USD,1,,
1806,5.55,USD,1,,
1807,5.30,USD,1,,
1808,5.15,USD,1,,
1809,4.95,USD,1,,
1810,4.85,USD,1,,
1811,4.65,USD,1,,
1812,4.45,USD,1,,
1813,4.20,USD,1,,
1814,4.20,USD,1,,
1815,4.20,USD,1,,
1816,4.70,USD,1,,
1817,5.00,USD,1,,
1818,5.40,USD,1,,
1819,5.60,USD,1,,
1820,5.95,USD,1,,
1821,6.25,USD,1,,
1822,6.75,USD,1,,
1823,7.15,USD,1,,
1824,5.95,USD,1,,
1825,7.10,USD,1,,
1826,7.55,USD,1,,
1827,7.00,USD,1,,
1828,4.40,USD,1,,
1829,6.80,USD,1,,
1830,6.35,USD,1,,
1831,6.20,USD,1,,
1832,5.80,USD,1,,
1833,5.40,USD,1,,
1834,4.65,USD,1,,
1835,3.95,USD,1,,
1836,2.60,USD,1,,
1837,6.70,USD,1,,
1838,2.60,USD,1,,
1839,2.60,USD,1,,
1840,2.60,USD,1,,
1841,2.60,USD,1,,
1842,2.60,USD,1,,
1843,2.60,USD,1,,
1844,4.00,USD,1,,
1845,11.50,USD,1,,
1846,7.60,USD,1,,
1847,8.40,USD,1,,
1848,8.65,USD,1,,
1849,7.75,USD,1,,
1850,8.40,USD,1,,
1851,4.75,USD,1,,
1852,5.15,USD,1,,
1853,10.15,USD,1,,
1854,5.55,USD,1,,
1855,6.95,USD,1,,
1856,5.55,USD,1,,
1857,5.30,USD,1,,
1858,5.15,USD,1,,
1859,4.95,USD,1,,
1860,4.85,USD,1,,
1861,4.65,USD,1,,
1862,4.45,USD,1,,
1863,4.20,USD,1,,
1864,4.20,USD,1,,
1865,4.20,USD,1,,
1866,4.70,USD,1,,
1867,5.00,USD,1,,
1868,5.40,USD,1,,
1869,5.60,USD,1,,
1870,5.95,USD,1,,
1871,6.25,USD,1,,
1872,6.75,USD,1,,
1873,7.15,USD,1,,
1874,5.95,USD,1,,
1875,7.10,USD,1,,
1876,7.55,USD,1,,
1877,7.00,USD,1,,
1878,4.40,USD,1,,
1879,6.80,USD,1,,
1880,6.35,USD,1,,
1881,6.20,USD,1,,
1882,5.80,USD,1,,
1883,5.40,USD,1,,
1884,4.65,USD,1,,
1885,3.95,USD,1,,
1886,2.60,USD,1,,
1887,2.60,USD,1,,
1888,6.70,USD,1,,
1889,2.60,USD,1,,
1890,2.60,USD,1,,
1891,2.60,USD,1,,
1892,2.60,USD,1,,
1893,2.60,USD,1,,
1894,4.00,USD,1,,
1895,11.50,USD,1,,
1896,7.60,USD,1,,
1897,8.40,USD,1,,
1898,8.65,USD,1,,
1899,7.75,USD,1,,
1900,8.40,USD,1,,
1901,4.75,USD,1,,
1902,5.15,USD,1,,
1903,10.15,USD,1,,
1904,5.55,USD,1,,
1905,6.95,USD,1,,
1906,5.55,USD,1,,
1907,5.30,USD,1,,
1908,5.15,USD,1,,
1909,4.95,USD,1,,
1910,4.85,USD,1,,
1911,4.65,USD,1,,
1912,4.45,USD,1,,
1913,4.20,USD,1,,
1914,4.20,USD,1,,
1915,4.20,USD,1,,
1916,4.70,USD,1,,
1917,5.00,USD,1,,
1918,5.40,USD,1,,
1919,5.60,USD,1,,
1920,5.95,USD,1,,
1921,6.25,USD,1,,
1922,6.75,USD,1,,
1923,7.15,USD,1,,
1924,5.95,USD,1,,
1925,7.10,USD,1,,
1926,7.55,USD,1,,
1927,7.00,USD,1,,
1928,4.40,USD,1,,
1929,6.80,USD,1,,
1930,6.35,USD,1,,
1931,6.20,USD,1,,
1932,5.80,USD,1,,
1933,5.40,USD,1,,
1934,4.65,USD,1,,
1935,3.95,USD,1,,
1936,2.60,USD,1,,
1937,2.60,USD,1,,
1938,2.60,USD,1,,
1939,6.70,USD,1,,
1940,2.60,USD,1,,
1941,2.60,USD,1,,
1942,2.60,USD,1,,
1943,2.60,USD,1,,
1944,4.00,USD,1,,
1945,11.50,USD,1,,
1946,7.60,USD,1,,
1947,8.40,USD,1,,
1948,8.65,USD,1,,
1949,7.75,USD,1,,
1950,8.40,USD,1,,
1951,4.55,USD,1,,
1952,4.95,USD,1,,
1953,10.10,USD,1,,
1954,5.45,USD,1,,
1955,7.00,USD,1,,
1956,5.60,USD,1,,
1957,5.40,USD,1,,
1958,5.20,USD,1,,
1959,5.00,USD,1,,
1960,4.95,USD,1,,
1961,4.85,USD,1,,
1962,4.60,USD,1,,
1963,4.40,USD,1,,
1964,4.40,USD,1,,
1965,4.40,USD,1,,
1966,4.90,USD,1,,
1967,5.15,USD,1,,
1968,5.45,USD,1,,
1969,5.70,USD,1,,
1970,6.00,USD,1,,
1971,6.30,USD,1,,
1972,6.85,USD,1,,
1973,7.20,USD,1,,
1974,6.00,USD,1,,
1975,7.20,USD,1,,
1976,7.65,USD,1,,
1977,7.10,USD,1,,
1978,4.20,USD,1,,
1979,6.85,USD,1,,
1980,6.40,USD,1,,
1981,6.25,USD,1,,
1982,5.85,USD,1,,
1983,5.45,USD,1,,
1984,4.85,USD,1,,
1985,4.20,USD,1,,
1986,2.60,USD,1,,
1987,2.60,USD,1,,
1988,2.60,USD,1,,
1989,2.60,USD,1,,
1990,6.70,USD,1,,
1991,2.60,USD,1,,
1992,2.60,USD,1,,
1993,2.60,USD,1,,
1994,3.80,USD,1,,
1995,11.60,USD,1,,
1996,7.70,USD,1,,
1997,8.45,USD,1,,
1998,8.70,USD,1,,
1999,7.80,USD,1,,
2000,8.50,USD,1,,
2001,4.45,USD,1,,
2002,4.85,USD,1,,
2003,10.00,USD,1,,
2004,5.40,USD,1,,
2005,7.05,USD,1,,
2006,5.70,USD,1,,
2007,5.45,USD,1,,
2008,5.25,USD,1,,
2009,5.05,USD,1,,
2010,5.00,USD,1,,
2011,4.90,USD,1,,
2012,4.75,USD,1,,
2013,4.50,USD,1,,
2014,4.50,USD,1,,
2015,4.50,USD,1,,
2016,5.00,USD,1,,
2017,5.20,USD,1,,
2018,5.50,USD,1,,
2019,5.75,USD,1,,
2020,6.05,USD,1,,
2021,6.40,USD,1,,
2022,6.90,USD,1,,
2023,7.25,USD,1,,
2024,6.05,USD,1,,
2025,7.25,USD,1,,
2026,7.70,USD,1,,
2027,7.15,USD,1,,
2028,4.10,USD,1,,
2029,6.90,USD,1,,
2030,6.50,USD,1,,
2031,6.30,USD,1,,
2032,5.95,USD,1,,
2033,5.50,USD,1,,
2034,4.95,USD,1,,
2035,4.30,USD,1,,
2036,2.60,USD,1,,
2037,2.60,USD,1,,
2038,2.60,USD,1,,
2039,2.60,USD,1,,
2040,2.60,USD,1,,
2041,6.70,USD,1,,
2042,2.60,USD,1,,
2043,2.60,USD,1,,
2044,3.80,USD,1,,
2045,11.70,USD,1,,
2046,7.75,USD,1,,
2047,8.50,USD,1,,
2048,8.80,USD,1,,
2049,7.85,USD,1,,
2050,8.55,USD,1,,
2051,4.15,USD,1,,
2052,4.60,USD,1,,
2053,9.70,USD,1,,
2054,5.15,USD,1,,
2055,7.25,USD,1,,
2056,5.80,USD,1,,
2057,5.60,USD,1,,
2058,5.45,USD,1,,
2059,5.25,USD,1,,
2060,5.15,USD,1,,
2061,5.05,USD,1,,
2062,4.95,USD,1,,
2063,4.80,USD,1,,
2064,4.80,USD,1,,
2065,4.80,USD,1,,
2066,5.10,USD,1,,
2067,5.35,USD,1,,
2068,5.65,USD,1,,
2069,5.90,USD,1,,
2070,6.20,USD,1,,
2071,6.55,USD,1,,
2072,7.05,USD,1,,
2073,7.45,USD,1,,
2074,6.20,USD,1,,
2075,7.40,USD,1,,
2076,7.85,USD,1,,
2077,7.30,USD,1,,
2078,3.95,USD,1,,
2079,7.10,USD,1,,
2080,6.65,USD,1,,
2081,6.45,USD,1,,
2082,6.10,USD,1,,
2083,5.65,USD,1,,
2084,5.05,USD,1,,
2085,4.60,USD,1,,
2086,2.60,USD,1,,
2087,2.60,USD,1,,
2088,2.60,USD,1,,
2089,2.60,USD,1,,
2090,2.60,USD,1,,
2091,2.60,USD,1,,
2092,6.70,USD,1,,
2093,2.60,USD,1,,
2094,3.80,USD,1,,
2095,11.80,USD,1,,
2096,7.90,USD,1,,
2097,8.70,USD,1,,
2098,8.95,USD,1,,
2099,8.05,USD,1,,
2100,8.70,USD,1,,
2101,3.95,USD,1,,
2102,4.45,USD,1,,
2103,9.60,USD,1,,
2104,5.00,USD,1,,
2105,7.30,USD,1,,
2106,5.90,USD,1,,
2107,5.70,USD,1,,
2108,5.50,USD,1,,
2109,5.30,USD,1,,
2110,5.25,USD,1,,
2111,5.15,USD,1,,
2112,5.00,USD,1,,
2113,4.90,USD,1,,
2114,4.90,USD,1,,
2115,4.90,USD,1,,
2116,5.20,USD,1,,
2117,5.40,USD,1,,
2118,5.75,USD,1,,
2119,6.00,USD,1,,
2120,6.30,USD,1,,
2121,6.60,USD,1,,
2122,7.15,USD,1,,
2123,7.50,USD,1,,
2124,6.30,USD,1,,
2125,7.50,USD,1,,
2126,7.95,USD,1,,
2127,7.35,USD,1,,
2128,3.95,USD,1,,
2129,7.15,USD,1,,
2130,6.70,USD,1,,
2131,6.55,USD,1,,
2132,6.15,USD,1,,
2133,5.75,USD,1,,
2134,5.15,USD,1,,
2135,4.75,USD,1,,
2136,2.60,USD,1,,
2137,2.60,USD,1,,
2138,2.60,USD,1,,
2139,2.60,USD,1,,
2140,2.60,USD,1,,
2141,2.60,USD,1,,
2142,2.60,USD,1,,
2143,6.70,USD,1,,
2144,3.80,USD,1,,
2145,11.90,USD,1,,
2146,7.95,USD,1,,
2147,8.75,USD,1,,
2148,9.00,USD,1,,
2149,8.10,USD,1,,
2150,8.80,USD,1,,
2151,3.95,USD,1,,
2152,3.95,USD,1,,
2153,9.35,USD,1,,
2154,4.75,USD,1,,
2155,7.45,USD,1,,
2156,6.05,USD,1,,
2157,5.80,USD,1,,
2158,5.65,USD,1,,
2159,5.45,USD,1,,
2160,5.35,USD,1,,
2161,5.30,USD,1,,
2162,5.15,USD,1,,
2163,5.05,USD,1,,
2164,5.05,USD,1,,
2165,5.05,USD,1,,
2166,5.35,USD,1,,
2167,5.55,USD,1,,
2168,5.85,USD,1,,
2169,6.10,USD,1,,
2170,6.45,USD,1,,
2171,6.75,USD,1,,
2172,7.30,USD,1,,
2173,7.65,USD,1,,
2174,6.45,USD,1,,
2175,7.60,USD,1,,
2176,8.05,USD,1,,
2177,7.50,USD,1,,
2178,3.95,USD,1,,
2179,7.30,USD,1,,
2180,6.85,USD,1,,
2181,6.70,USD,1,,
2182,6.30,USD,1,,
2183,5.90,USD,1,,
2184,5.30,USD,1,,
2185,4.95,USD,1,,
2186,4.00,USD,1,,
2187,4.00,USD,1,,
2188,4.00,USD,1,,
2189,4.00,USD,1,,
2190,3.80,USD,1,,
2191,3.80,USD,1,,
2192,3.80,USD,1,,
2193,3.80,USD,1,,
2194,6.70,USD,1,,
2195,12.05,USD,1,,
2196,8.10,USD,1,,
2197,8.90,USD,1,,
2198,9.15,USD,1,,
2199,8.25,USD,1,,
2200,8.90,USD,1,,
2201,12.20,USD,1,,
2202,12.50,USD,1,,
2203,17.50,USD,1,,
2204,12.85,USD,1,,
2205,11.05,USD,1,,
2206,10.65,USD,1,,
2207,10.45,USD,1,,
2208,10.25,USD,1,,
2209,9.95,USD,1,,
2210,9.80,USD,1,,
2211,9.65,USD,1,,
2212,9.40,USD,1,,
2213,9.10,USD,1,,
2214,9.10,USD,1,,
2215,9.10,USD,1,,
2216,9.10,USD,1,,
2217,7.00,USD,1,,
2218,9.10,USD,1,,
2219,9.10,USD,1,,
2220,9.75,USD,1,,
2221,10.25,USD,1,,
2222,10.90,USD,1,,
2223,11.25,USD,1,,
2224,9.75,USD,1,,
2225,11.25,USD,1,,
2226,12.50,USD,1,,
2227,11.95,USD,1,,
2228,12.00,USD,1,,
2229,11.75,USD,1,,
2230,11.30,USD,1,,
2231,11.15,USD,1,,
2232,10.75,USD,1,,
2233,10.35,USD,1,,
2234,9.45,USD,1,,
2235,9.35,USD,1,,
2236,11.50,USD,1,,
2237,11.50,USD,1,,
2238,11.50,USD,1,,
2239,11.50,USD,1,,
2240,11.60,USD,1,,
2241,11.70,USD,1,,
2242,11.80,USD,1,,
2243,11.90,USD,1,,
2244,12.05,USD,1,,
2245,6.70,USD,1,,
2246,11.75,USD,1,,
2247,12.50,USD,1,,
2248,12.80,USD,1,,
2249,12.70,USD,1,,
2250,13.35,USD,1,,
2251,8.30,USD,1,,
2252,8.55,USD,1,,
2253,13.55,USD,1,,
2254,8.90,USD,1,,
2255,6.00,USD,1,,
2256,6.75,USD,1,,
2257,6.50,USD,1,,
2258,6.35,USD,1,,
2259,6.10,USD,1,,
2260,6.10,USD,1,,
2261,6.00,USD,1,,
2262,5.85,USD,1,,
2263,5.75,USD,1,,
2264,5.75,USD,1,,
2265,5.75,USD,1,,
2266,5.45,USD,1,,
2267,5.25,USD,1,,
2268,4.95,USD,1,,
2269,4.70,USD,1,,
2270,4.40,USD,1,,
2271,2.60,USD,1,,
2272,2.60,USD,1,,
2273,2.60,USD,1,,
2274,5.00,USD,1,,
2275,6.20,USD,1,,
2276,8.55,USD,1,,
2277,8.00,USD,1,,
2278,8.10,USD,1,,
2279,7.80,USD,1,,
2280,7.35,USD,1,,
2281,7.20,USD,1,,
2282,6.80,USD,1,,
2283,6.40,USD,1,,
2284,5.85,USD,1,,
2285,5.85,USD,1,,
2286,7.60,USD,1,,
2287,7.60,USD,1,,
2288,7.60,USD,1,,
2289,7.60,USD,1,,
2290,7.70,USD,1,,
2291,7.75,USD,1,,
2292,7.90,USD,1,,
2293,7.95,USD,1,,
2294,8.10,USD,1,,
2295,11.75,USD,1,,
2296,6.70,USD,1,,
2297,3.05,USD,1,,
2298,3.50,USD,1,,
2299,8.75,USD,1,,
2300,9.40,USD,1,,
2301,9.05,USD,1,,
2302,9.35,USD,1,,
2303,14.35,USD,1,,
2304,9.70,USD,1,,
2305,6.80,USD,1,,
2306,7.50,USD,1,,
2307,7.30,USD,1,,
2308,7.10,USD,1,,
2309,6.90,USD,1,,
2310,6.85,USD,1,,
2311,6.75,USD,1,,
2312,6.60,USD,1,,
2313,6.50,USD,1,,
2314,6.50,USD,1,,
2315,6.50,USD,1,,
2316,6.25,USD,1,,
2317,6.05,USD,1,,
2318,5.70,USD,1,,
2319,5.45,USD,1,,
2320,5.15,USD,1,,
2321,4.85,USD,1,,
2322,4.30,USD,1,,
2323,3.80,USD,1,,
2324,5.75,USD,1,,
2325,6.95,USD,1,,
2326,9.35,USD,1,,
2327,8.80,USD,1,,
2328,8.85,USD,1,,
2329,8.55,USD,1,,
2330,8.15,USD,1,,
2331,7.95,USD,1,,
2332,7.60,USD,1,,
2333,7.15,USD,1,,
2334,6.60,USD,1,,
2335,6.60,USD,1,,
2336,8.40,USD,1,,
2337,8.40,USD,1,,
2338,8.40,USD,1,,
2339,8.40,USD,1,,
2340,8.45,USD,1,,
2341,8.50,USD,1,,
2342,8.70,USD,1,,
2343,8.75,USD,1,,
2344,8.90,USD,1,,
2345,12.50,USD,1,,
2346,3.05,USD,1,,
2347,6.70,USD,1,,
2348,2.60,USD,1,,
2349,9.50,USD,1,,
2350,10.20,USD,1,,
2351,9.30,USD,1,,
2352,9.60,USD,1,,
2353,14.60,USD,1,,
2354,9.95,USD,1,,
2355,7.05,USD,1,,
2356,7.80,USD,1,,
2357,7.55,USD,1,,
2358,7.35,USD,1,,
2359,7.15,USD,1,,
2360,7.10,USD,1,,
2361,7.05,USD,1,,
2362,6.90,USD,1,,
2363,6.80,USD,1,,
2364,6.80,USD,1,,
2365,6.80,USD,1,,
2366,6.50,USD,1,,
2367,6.30,USD,1,,
2368,6.00,USD,1,,
2369,5.75,USD,1,,
2370,5.45,USD,1,,
2371,5.10,USD,1,,
2372,4.60,USD,1,,
2373,4.20,USD,1,,
2374,6.05,USD,1,,
2375,7.20,USD,1,,
2376,9.60,USD,1,,
2377,9.05,USD,1,,
2378,9.10,USD,1,,
2379,8.85,USD,1,,
2380,8.40,USD,1,,
2381,8.25,USD,1,,
2382,7.85,USD,1,,
2383,7.45,USD,1,,
2384,6.90,USD,1,,
2385,6.90,USD,1,,
2386,8.65,USD,1,,
2387,8.65,USD,1,,
2388,8.65,USD,1,,
2389,8.65,USD,1,,
2390,8.70,USD,1,,
2391,8.80,USD,1,,
2392,8.95,USD,1,,
2393,9.00,USD,1,,
2394,9.15,USD,1,,
2395,12.80,USD,1,,
2396,3.50,USD,1,,
2397,2.60,USD,1,,
2398,6.70,USD,1,,
2399,9.80,USD,1,,
2400,10.45,USD,1,,
2401,8.40,USD,1,,
2402,8.70,USD,1,,
2403,13.70,USD,1,,
2404,9.05,USD,1,,
2405,8.05,USD,1,,
2406,6.50,USD,1,,
2407,6.25,USD,1,,
2408,6.10,USD,1,,
2409,5.90,USD,1,,
2410,5.80,USD,1,,
2411,5.80,USD,1,,
2412,5.80,USD,1,,
2413,5.80,USD,1,,
2414,5.80,USD,1,,
2415,5.80,USD,1,,
2416,6.00,USD,1,,
2417,6.20,USD,1,,
2418,6.50,USD,1,,
2419,6.75,USD,1,,
2420,7.05,USD,1,,
2421,7.40,USD,1,,
2422,7.90,USD,1,,
2423,8.25,USD,1,,
2424,7.05,USD,1,,
2425,8.25,USD,1,,
2426,2.60,USD,1,,
2427,2.60,USD,1,,
2428,8.20,USD,1,,
2429,2.60,USD,1,,
2430,4.10,USD,1,,
2431,4.25,USD,1,,
2432,4.65,USD,1,,
2433,5.05,USD,1,,
2434,5.65,USD,1,,
2435,5.95,USD,1,,
2436,7.75,USD,1,,
2437,7.75,USD,1,,
2438,7.75,USD,1,,
2439,7.75,USD,1,,
2440,7.80,USD,1,,
2441,7.85,USD,1,,
2442,8.05,USD,1,,
2443,8.10,USD,1,,
2444,8.25,USD,1,,
2445,12.70,USD,1,,
2446,8.75,USD,1,,
2447,9.50,USD,1,,
2448,9.80,USD,1,,
2449,6.70,USD,1,,
2450,2.60,USD,1,,
2451,9.10,USD,1,,
2452,9.35,USD,1,,
2453,14.35,USD,1,,
2454,9.75,USD,1,,
2455,8.75,USD,1,,
2456,7.15,USD,1,,
2457,6.95,USD,1,,
2458,6.75,USD,1,,
2459,6.55,USD,1,,
2460,6.50,USD,1,,
2461,6.45,USD,1,,
2462,6.45,USD,1,,
2463,6.50,USD,1,,
2464,6.50,USD,1,,
2465,6.50,USD,1,,
2466,6.65,USD,1,,
2467,6.85,USD,1,,
2468,7.20,USD,1,,
2469,7.45,USD,1,,
2470,7.75,USD,1,,
2471,8.05,USD,1,,
2472,8.60,USD,1,,
2473,8.95,USD,1,,
2474,7.75,USD,1,,
2475,8.95,USD,1,,
2476,2.60,USD,1,,
2477,4.15,USD,1,,
2478,8.90,USD,1,,
2479,4.35,USD,1,,
2480,4.75,USD,1,,
2481,4.95,USD,1,,
2482,5.30,USD,1,,
2483,5.75,USD,1,,
2484,6.30,USD,1,,
2485,6.65,USD,1,,
2486,8.40,USD,1,,
2487,8.40,USD,1,,
2488,8.40,USD,1,,
2489,8.40,USD,1,,
2490,8.50,USD,1,,
2491,8.55,USD,1,,
2492,8.70,USD,1,,
2493,8.80,USD,1,,
2494,8.90,USD,1,,
2495,13.35,USD,1,,
2496,9.40,USD,1,,
2497,10.20,USD,1,,
2498,10.45,USD,1,,
2499,2.60,USD,1,,
2500,6.70,USD,1,,