fare_id,rider_category_id,price
1,15,6.20
2,15,3.45
3,15,8.25
4,15,3.45
5,15,7.10
6,15,5.70
7,15,5.50
8,15,5.30
9,15,5.10
10,15,5.05
11,15,4.95
12,15,4.85
13,15,4.70
14,15,4.70
15,15,4.70
16,15,5.00
17,15,5.25
18,15,5.55
19,15,5.80
20,15,6.10
21,15,6.40
22,15,6.95
23,15,7.30
24,15,6.10
25,15,7.30
26,15,7.75
27,15,7.20
28,15,3.45
29,15,6.95
30,15,6.50
31,15,6.35
32,15,5.95
33,15,5.55
34,15,4.95
35,15,4.65
36,15,4.25
37,15,4.25
38,15,4.25
39,15,4.25
40,15,4.05
41,15,3.95
42,15,3.65
43,15,3.45
44,15,3.45
45,15,11.70
46,15,7.80
47,15,8.55
48,15,8.80
49,15,7.90
50,15,8.60
51,15,3.45
52,15,6.20
53,15,8.25
54,15,3.45
55,15,7.40
56,15,6.00
57,15,5.75
58,15,5.60
59,15,5.40
60,15,5.35
61,15,5.25
62,15,5.10
63,15,5.00
64,15,5.00
65,15,5.00
66,15,5.30
67,15,5.50
68,15,5.80
69,15,6.10
70,15,6.40
71,15,6.70
72,15,7.25
73,15,7.60
74,15,6.40
75,15,7.55
76,15,8.00
77,15,7.45
78,15,3.45
79,15,7.25
80,15,6.80
81,15,6.65
82,15,6.25
83,15,5.85
84,15,5.25
85,15,4.90
86,15,4.65
87,15,4.65
88,15,4.65
89,15,4.65
90,15,4.45
91,15,4.35
92,15,4.10
93,15,3.95
94,15,3.45
95,15,12.00
96,15,8.05
97,15,8.85
98,15,9.10
99,15,8.20
100,15,8.85
101,15,8.25
102,15,8.25
103,15,6.20
104,15,4.80
105,15,12.40
106,15,11.00
107,15,10.75
108,15,10.60
109,15,10.40
110,15,10.30
111,15,10.25
112,15,10.10
113,15,10.00
114,15,10.00
115,15,10.00
116,15,10.30
117,15,10.50
118,15,10.80
119,15,11.10
120,15,11.40
121,15,11.70
122,15,12.25
123,15,12.60
124,15,11.40
125,15,12.55
126,15,13.00
127,15,12.45
128,15,8.60
129,15,12.25
130,15,11.80
131,15,11.65
132,15,11.25
133,15,10.85
134,15,10.25
135,15,9.90
136,15,9.65
137,15,9.65
138,15,9.65
139,15,9.65
140,15,9.60
141,15,9.50
142,15,9.20
143,15,9.10
144,15,8.85
145,15,17.00
146,15,13.05
147,15,13.85
148,15,14.10
149,15,13.20
150,15,13.85
151,15,3.45
152,15,3.45
153,15,4.80
154,15,6.20
155,15,7.75
156,15,6.35
157,15,6.10
158,15,5.95
159,15,5.75
160,15,5.70
161,15,5.60
162,15,5.45
163,15,5.35
164,15,5.35
165,15,5.35
166,15,5.65
167,15,5.85
168,15,6.20
169,15,6.45
170,15,6.75
171,15,7.05
172,15,7.60
173,15,7.95
174,15,6.75
175,15,7.95
176,15,8.35
177,15,7.80
178,15,4.05
179,15,7.60
180,15,7.15
181,15,7.00
182,15,6.60
183,15,6.20
184,15,5.60
185,15,5.25
186,15,5.05
187,15,5.05
188,15,5.05
189,15,5.05
190,15,4.95
191,15,4.90
192,15,4.65
193,15,4.50
194,15,4.25
195,15,12.35
196,15,8.40
197,15,9.20
198,15,9.45
199,15,8.55
200,15,9.25
201,15,7.10
202,15,7.40
203,15,12.40
204,15,7.75
205,15,6.20
206,15,5.55
207,15,5.35
208,15,5.15
209,15,4.95
210,15,4.90
211,15,4.80
212,15,4.65
213,15,4.55
214,15,4.55
215,15,4.55
216,15,4.30
217,15,4.10
218,15,3.80
219,15,2.10
220,15,3.85
221,15,4.15
222,15,4.65
223,15,5.05
224,15,2.10
225,15,2.10
226,15,7.40
227,15,6.85
228,15,6.90
229,15,6.65
230,15,6.20
231,15,6.00
232,15,5.65
233,15,5.25
234,15,4.65
235,15,4.70
236,15,6.45
237,15,6.45
238,15,6.45
239,15,6.45
240,15,6.50
241,15,6.55
242,15,6.75
243,15,6.80
244,15,6.95
245,15,10.55
246,15,5.50
247,15,6.30
248,15,6.55
249,15,7.55
250,15,8.25
251,15,5.70
252,15,6.00
253,15,11.00
254,15,6.35
255,15,5.55
256,15,6.20
257,15,2.10
258,15,2.10
259,15,2.10
260,15,2.10
261,15,2.10
262,15,2.90
263,15,3.10
264,15,3.10
265,15,3.10
266,15,3.45
267,15,3.70
268,15,4.00
269,15,4.25
270,15,4.55
271,15,4.85
272,15,5.40
273,15,5.75
274,15,4.55
275,15,5.75
276,15,5.80
277,15,5.25
278,15,5.50
279,15,5.05
280,15,4.60
281,15,4.45
282,15,4.05
283,15,3.65
284,15,2.95
285,15,3.30
286,15,5.05
287,15,5.05
288,15,5.05
289,15,5.05
290,15,5.10
291,15,5.20
292,15,5.30
293,15,5.40
294,15,5.55
295,15,10.15
296,15,6.25
297,15,7.00
298,15,7.30
299,15,6.00
300,15,6.65
301,15,5.50
302,15,5.75
303,15,10.75
304,15,6.10
305,15,5.35
306,15,2.10
307,15,6.20
308,15,2.10
309,15,2.10
310,15,2.10
311,15,2.10
312,15,2.50
313,15,2.75
314,15,2.75
315,15,2.75
316,15,3.25
317,15,3.45
318,15,3.80
319,15,4.00
320,15,4.35
321,15,4.65
322,15,5.15
323,15,5.55
324,15,4.30
325,15,5.50
326,15,5.60
327,15,5.05
328,15,5.30
329,15,4.80
330,15,4.35
331,15,4.20
332,15,3.85
333,15,3.45
334,15,2.60
335,15,2.95
336,15,4.80
337,15,4.80
338,15,4.80
339,15,4.80
340,15,4.90
341,15,4.95
342,15,5.10
343,15,5.20
344,15,5.30
345,15,9.95
346,15,6.00
347,15,6.80
348,15,7.05
349,15,5.75
350,15,6.45
351,15,5.30
352,15,5.60
353,15,10.60
354,15,5.95
355,15,5.15
356,15,2.10
357,15,2.10
358,15,6.20
359,15,2.10
360,15,2.10
361,15,2.10
362,15,2.25
363,15,2.45
364,15,2.45
365,15,2.45
366,15,2.95
367,15,3.30
368,15,3.60
369,15,3.85
370,15,4.15
371,15,4.45
372,15,5.00
373,15,5.35
374,15,4.15
375,15,5.35
376,15,5.40
377,15,4.85
378,15,5.10
379,15,4.65
380,15,4.20
381,15,4.05
382,15,3.65
383,15,3.15
384,15,2.30
385,15,2.65
386,15,4.65
387,15,4.65
388,15,4.65
389,15,4.65
390,15,4.70
391,15,4.75
392,15,4.95
393,15,5.00
394,15,5.15
395,15,9.75
396,15,5.85
397,15,6.60
398,15,6.85
399,15,5.60
400,15,6.25
401,15,5.10
402,15,5.40
403,15,10.40
404,15,5.75
405,15,4.95
406,15,2.10
407,15,2.10
408,15,2.10
409,15,6.20
410,15,2.10
411,15,2.10
412,15,2.10
413,15,2.10
414,15,2.10
415,15,2.10
416,15,2.60
417,15,2.95
418,15,3.40
419,15,3.65
420,15,3.95
421,15,4.25
422,15,4.80
423,15,5.15
424,15,3.95
425,15,5.15
426,15,5.20
427,15,4.65
428,15,4.90
429,15,4.45
430,15,4.00
431,15,3.85
432,15,3.45
433,15,2.80
434,15,2.10
435,15,2.30
436,15,4.45
437,15,4.45
438,15,4.45
439,15,4.45
440,15,4.50
441,15,4.55
442,15,4.75
443,15,4.80
444,15,4.95
445,15,9.45
446,15,5.60
447,15,6.40
448,15,6.65
449,15,5.40
450,15,6.05
451,15,5.05
452,15,5.35
453,15,10.30
454,15,5.70
455,15,4.90
456,15,2.10
457,15,2.10
458,15,2.10
459,15,2.10
460,15,6.20
461,15,2.10
462,15,2.10
463,15,2.10
464,15,2.10
465,15,2.10
466,15,2.45
467,15,2.80
468,15,3.35
469,15,3.60
470,15,3.90
471,15,4.20
472,15,4.75
473,15,5.10
474,15,3.90
475,15,5.10
476,15,5.15
477,15,4.60
478,15,4.85
479,15,4.35
480,15,3.95
481,15,3.75
482,15,3.35
483,15,2.70
484,15,2.10
485,15,2.15
486,15,4.35
487,15,4.35
488,15,4.35
489,15,4.35
490,15,4.45
491,15,4.50
492,15,4.65
493,15,4.75
494,15,4.85
495,15,9.30
496,15,5.60
497,15,6.35
498,15,6.60
499,15,5.30
500,15,6.00
501,15,4.95
502,15,5.25
503,15,10.25
504,15,5.60
505,15,4.80
506,15,2.10
507,15,2.10
508,15,2.10
509,15,2.10
510,15,2.10
511,15,6.20
512,15,2.10
513,15,2.10
514,15,2.10
515,15,2.10
516,15,2.30
517,15,2.65
518,15,3.15
519,15,3.50
520,15,3.80
521,15,4.10
522,15,4.65
523,15,5.00
524,15,3.80
525,15,5.00
526,15,5.10
527,15,4.55
528,15,4.75
529,15,4.35
530,15,3.90
531,15,3.70
532,15,3.20
533,15,2.50
534,15,2.10
535,15,2.10
536,15,4.15
537,15,4.15
538,15,4.15
539,15,4.15
540,15,4.35
541,15,4.40
542,15,4.55
543,15,4.65
544,15,4.80
545,15,9.15
546,15,5.50
547,15,6.25
548,15,6.55
549,15,5.30
550,15,5.95
551,15,4.85
552,15,5.10
553,15,10.10
554,15,5.45
555,15,4.65
556,15,2.90
557,15,2.50
558,15,2.25
559,15,2.10
560,15,2.10
561,15,2.10
562,15,6.20
563,15,2.10
564,15,2.10
565,15,2.10
566,15,2.10
567,15,2.40
568,15,2.90
569,15,3.30
570,15,3.65
571,15,4.00
572,15,4.50
573,15,4.85
574,15,3.65
575,15,4.85
576,15,5.10
577,15,4.55
578,15,4.65
579,15,4.35
580,15,3.90
581,15,3.70
582,15,3.10
583,15,2.10
584,15,2.10
585,15,2.10
586,15,3.95
587,15,3.95
588,15,3.95
589,15,3.95
590,15,4.10
591,15,4.25
592,15,4.45
593,15,4.50
594,15,4.65
595,15,8.90
596,15,5.35
597,15,6.10
598,15,6.40
599,15,5.30
600,15,5.95
601,15,4.70
602,15,5.00
603,15,10.00
604,15,5.35
605,15,4.55
606,15,3.10
607,15,2.75
608,15,2.45
609,15,2.10
610,15,2.10
611,15,2.10
612,15,2.10
613,15,6.20
614,15,2.10
615,15,2.10
616,15,2.10
617,15,2.10
618,15,2.70
619,15,3.10
620,15,3.55
621,15,3.90
622,15,4.40
623,15,4.80
624,15,3.55
625,15,4.75
626,15,5.15
627,15,4.60
628,15,4.50
629,15,4.35
630,15,3.95
631,15,3.75
632,15,3.30
633,15,2.60
634,15,2.10
635,15,2.10
636,15,3.70
637,15,3.70
638,15,3.70
639,15,3.70
640,15,3.90
641,15,4.00
642,15,4.30
643,15,4.40
644,15,4.55
645,15,8.60
646,15,5.25
647,15,6.00
648,15,6.30
649,15,5.30
650,15,6.00
651,15,4.70
652,15,5.00
653,15,10.00
654,15,5.35
655,15,4.55
656,15,3.10
657,15,2.75
658,15,2.45
659,15,2.10
660,15,2.10
661,15,2.10
662,15,2.10
663,15,2.10
664,15,6.20
665,15,2.10
666,15,2.10
667,15,2.10
668,15,2.70
669,15,3.10
670,15,3.55
671,15,3.90
672,15,4.40
673,15,4.80
674,15,3.55
675,15,4.75
676,15,5.15
677,15,4.60
678,15,4.50
679,15,4.35
680,15,3.95
681,15,3.75
682,15,3.30
683,15,2.60
684,15,2.10
685,15,2.10
686,15,3.70
687,15,3.70
688,15,3.70
689,15,3.70
690,15,3.90
691,15,4.00
692,15,4.30
693,15,4.40
694,15,4.55
695,15,8.60
696,15,5.25
697,15,6.00
698,15,6.30
699,15,5.30
700,15,6.00
701,15,4.70
702,15,5.00
703,15,10.00
704,15,5.35
705,15,4.55
706,15,3.10
707,15,2.75
708,15,2.45
709,15,2.10
710,15,2.10
711,15,2.10
712,15,2.10
713,15,2.10
714,15,2.10
715,15,6.20
716,15,2.10
717,15,2.10
718,15,2.70
719,15,3.10
720,15,3.55
721,15,3.90
722,15,4.40
723,15,4.80
724,15,3.55
725,15,4.75
726,15,5.15
727,15,4.60
728,15,4.50
729,15,4.35
730,15,3.95
731,15,3.75
732,15,3.30
733,15,2.60
734,15,2.10
735,15,2.10
736,15,3.70
737,15,3.70
738,15,3.70
739,15,3.70
740,15,3.90
741,15,4.00
742,15,4.30
743,15,4.40
744,15,4.55
745,15,8.60
746,15,5.25
747,15,6.00
748,15,6.30
749,15,5.30
750,15,6.00
751,15,5.00
752,15,5.30
753,15,10.30
754,15,5.65
755,15,4.30
756,15,3.45
757,15,3.25
758,15,2.95
759,15,2.60
760,15,2.45
761,15,2.30
762,15,2.10
763,15,2.10
764,15,2.10
765,15,2.10
766,15,6.20
767,15,2.10
768,15,2.10
769,15,2.60
770,15,3.10
771,15,3.60
772,15,4.15
773,15,4.50
774,15,3.10
775,15,4.45
776,15,5.30
777,15,4.75
778,15,4.80
779,15,4.55
780,15,4.10
781,15,3.95
782,15,3.55
783,15,2.95
784,15,2.15
785,15,2.10
786,15,4.20
787,15,4.20
788,15,4.20
789,15,4.20
790,15,4.40
791,15,4.50
792,15,4.60
793,15,4.70
794,15,4.85
795,15,8.60
796,15,4.95
797,15,5.75
798,15,6.00
799,15,5.50
800,15,6.15
801,15,5.25
802,15,5.50
803,15,10.50
804,15,5.85
805,15,4.10
806,15,3.70
807,15,3.45
808,15,3.30
809,15,2.95
810,15,2.80
811,15,2.65
812,15,2.40
813,15,2.10
814,15,2.10
815,15,2.10
816,15,2.10
817,15,6.20
818,15,2.10
819,15,2.10
820,15,2.75
821,15,3.25
822,15,3.90
823,15,4.30
824,15,2.75
825,15,4.25
826,15,5.50
827,15,4.95
828,15,5.05
829,15,4.75
830,15,4.30
831,15,4.15
832,15,3.75
833,15,3.35
834,15,2.45
835,15,2.35
836,15,4.50
837,15,4.50
838,15,4.50
839,15,4.50
840,15,4.65
841,15,4.70
842,15,4.85
843,15,4.90
844,15,5.05
845,15,6.50
846,15,4.75
847,15,5.55
848,15,5.80
849,15,5.70
850,15,6.35
851,15,5.55
852,15,5.80
853,15,10.80
854,15,6.20
855,15,3.80
856,15,4.00
857,15,3.80
858,15,3.60
859,15,3.40
860,15,3.35
861,15,3.15
862,15,2.90
863,15,2.70
864,15,2.70
865,15,2.70
866,15,2.10
867,15,2.10
868,15,6.20
869,15,2.10
870,15,2.10
871,15,2.75
872,15,3.55
873,15,3.95
874,15,2.10
875,15,3.95
876,15,5.85
877,15,5.25
878,15,5.35
879,15,5.05
880,15,4.65
881,15,4.45
882,15,4.10
883,15,3.65
884,15,2.95
885,15,2.85
886,15,4.90
887,15,4.90
888,15,4.90
889,15,4.90
890,15,4.95
891,15,5.00
892,15,5.15
893,15,5.25
894,15,5.35
895,15,8.60
896,15,4.45
897,15,5.20
898,15,5.50
899,15,6.00
900,15,6.70
901,15,5.80
902,15,6.10
903,15,11.10
904,15,6.45
905,15,2.10
906,15,4.25
907,15,4.00
908,15,3.85
909,15,3.65
910,15,3.60
911,15,3.50
912,15,3.30
913,15,3.10
914,15,3.10
915,15,3.10
916,15,2.60
917,15,2.10
918,15,2.10
919,15,6.20
920,15,2.10
921,15,2.10
922,15,2.10
923,15,2.10
924,15,2.10
925,15,2.10
926,15,6.10
927,15,5.55
928,15,5.60
929,15,5.30
930,15,4.85
931,15,4.70
932,15,4.30
933,15,3.90
934,15,3.30
935,15,3.30
936,15,5.10
937,15,5.10
938,15,5.10
939,15,5.10
940,15,5.20
941,15,5.25
942,15,5.40
943,15,5.50
944,15,5.60
945,15,8.60
946,15,4.20
947,15,4.95
948,15,5.25
949,15,6.25
950,15,6.95
951,15,6.10
952,15,6.40
953,15,11.40
954,15,6.75
955,15,3.85
956,15,4.55
957,15,4.35
958,15,4.15
959,15,3.95
960,15,3.90
961,15,3.80
962,15,3.65
963,15,3.55
964,15,3.55
965,15,3.55
966,15,3.10
967,15,2.75
968,15,2.10
969,15,2.10
970,15,6.20
971,15,2.10
972,15,2.10
973,15,2.10
974,15,2.10
975,15,4.00
976,15,6.40
977,15,5.80
978,15,5.90
979,15,5.60
980,15,5.20
981,15,5.00
982,15,4.65
983,15,4.20
984,15,3.65
985,15,3.65
986,15,5.45
987,15,5.45
988,15,5.45
989,15,5.45
990,15,5.50
991,15,5.55
992,15,5.70
993,15,5.80
994,15,5.95
995,15,9.25
996,15,3.90
997,15,4.65
998,15,4.95
999,15,6.55
1000,15,7.25
1001,15,6.40
1002,15,6.70
1003,15,11.70
1004,15,7.05
1005,15,4.15
1006,15,4.85
1007,15,4.65
1008,15,4.45
1009,15,4.25
1010,15,4.20
1011,15,4.10
1012,15,4.00
1013,15,3.90
1014,15,3.90
1015,15,3.90
1016,15,3.60
1017,15,3.25
1018,15,2.75
1019,15,2.10
1020,15,2.10
1021,15,6.20
1022,15,2.10
1023,15,2.10
1024,15,2.85
1025,15,4.30
1026,15,6.70
1027,15,6.15
1028,15,6.20
1029,15,5.95
1030,15,5.50
1031,15,5.35
1032,15,4.95
1033,15,4.55
1034,15,4.00
1035,15,4.00
1036,15,5.75
1037,15,5.75
1038,15,5.75
1039,15,5.75
1040,15,5.80
1041,15,5.90
1042,15,6.05
1043,15,6.10
1044,15,6.25
1045,15,9.75
1046,15,2.10
1047,15,4.35
1048,15,4.60
1049,15,6.90
1050,15,7.55
1051,15,6.95
1052,15,7.25
1053,15,12.25
1054,15,7.60
1055,15,4.65
1056,15,5.40
1057,15,5.15
1058,15,5.00
1059,15,4.80
1060,15,4.75
1061,15,4.65
1062,15,4.50
1063,15,4.40
1064,15,4.40
1065,15,4.40
1066,15,4.15
1067,15,3.90
1068,15,3.55
1069,15,2.10
1070,15,2.10
1071,15,2.10
1072,15,6.20
1073,15,2.10
1074,15,3.60
1075,15,4.85
1076,15,7.25
1077,15,6.70
1078,15,6.75
1079,15,6.45
1080,15,6.00
1081,15,5.85
1082,15,5.45
1083,15,5.05
1084,15,4.50
1085,15,4.50
1086,15,6.25
1087,15,6.25
1088,15,6.25
1089,15,6.25
1090,15,6.35
1091,15,6.40
1092,15,6.55
1093,15,6.65
1094,15,6.80
1095,15,10.40
1096,15,2.10
1097,15,3.80
1098,15,4.10
1099,15,7.40
1100,15,8.10
1101,15,7.30
1102,15,7.60
1103,15,12.60
1104,15,7.95
1105,15,5.05
1106,15,5.75
1107,15,5.55
1108,15,5.35
1109,15,5.15
1110,15,5.10
1111,15,5.00
1112,15,4.85
1113,15,4.80
1114,15,4.80
1115,15,4.80
1116,15,4.50
1117,15,4.30
1118,15,3.95
1119,15,2.10
1120,15,2.10
1121,15,2.10
1122,15,2.10
1123,15,6.20
1124,15,4.00
1125,15,5.20
1126,15,7.60
1127,15,7.05
1128,15,7.10
1129,15,6.85
1130,15,6.40
1131,15,6.20
1132,15,5.85
1133,15,5.45
1134,15,4.85
1135,15,4.90
1136,15,6.65
1137,15,6.65
1138,15,6.65
1139,15,6.65
1140,15,6.70
1141,15,6.75
1142,15,6.95
1143,15,7.00
1144,15,7.15
1145,15,10.75
1146,15,2.10
1147,15,3.30
1148,15,3.70
1149,15,7.75
1150,15,8.45
1151,15,6.10
1152,15,6.40
1153,15,11.40
1154,15,6.75
1155,15,2.10
1156,15,4.55
1157,15,4.30
1158,15,4.15
1159,15,3.95
1160,15,3.90
1161,15,3.80
1162,15,3.65
1163,15,3.55
1164,15,3.55
1165,15,3.55
1166,15,3.10
1167,15,2.75
1168,15,2.10
1169,15,2.10
1170,15,2.10
1171,15,2.85
1172,15,3.60
1173,15,4.00
1174,15,6.20
1175,15,2.10
1176,15,6.40
1177,15,5.85
1178,15,5.90
1179,15,5.60
1180,15,5.15
1181,15,5.00
1182,15,4.60
1183,15,4.20
1184,15,3.65
1185,15,3.65
1186,15,5.45
1187,15,5.45
1188,15,5.45
1189,15,5.45
1190,15,5.50
1191,15,5.55
1192,15,5.70
1193,15,5.80
1194,15,5.95
1195,15,9.25
1196,15,4.50
1197,15,5.25
1198,15,5.55
1199,15,6.55
1200,15,7.25
1201,15,7.30
1202,15,7.55
1203,15,12.55
1204,15,7.95
1205,15,2.10
1206,15,5.75
1207,15,5.50
1208,15,5.35
1209,15,5.15
1210,15,5.10
1211,15,5.00
1212,15,4.85
1213,15,4.75
1214,15,4.75
1215,15,4.75
1216,15,4.45
1217,15,4.25
1218,15,3.95
1219,15,2.10
1220,15,4.00
1221,15,4.30
1222,15,4.85
1223,15,5.20
1224,15,2.10
1225,15,6.20
1226,15,7.60
1227,15,7.00
1228,15,7.10
1229,15,6.80
1230,15,6.35
1231,15,6.20
1232,15,5.80
1233,15,5.40
1234,15,4.85
1235,15,4.85
1236,15,6.60
1237,15,6.60
1238,15,6.60
1239,15,6.60
1240,15,6.70
1241,15,6.75
1242,15,6.90
1243,15,7.00
1244,15,7.10
1245,15,10.75
1246,15,5.70
1247,15,6.45
1248,15,6.70
1249,15,7.75
1250,15,8.45
1251,15,7.75
1252,15,8.00
1253,15,13.00
1254,15,8.35
1255,15,7.40
1256,15,5.80
1257,15,5.60
1258,15,5.40
1259,15,5.20
1260,15,5.15
1261,15,5.10
1262,15,5.10
1263,15,5.15
1264,15,5.15
1265,15,5.15
1266,15,5.30
1267,15,5.50
1268,15,5.85
1269,15,6.10
1270,15,6.40
1271,15,6.70
1272,15,7.25
1273,15,7.60
1274,15,6.40
1275,15,7.60
1276,15,6.20
1277,15,2.10
1278,15,7.55
1279,15,2.10
1280,15,2.10
1281,15,2.10
1282,15,3.95
1283,15,4.35
1284,15,4.95
1285,15,5.30
1286,15,7.05
1287,15,7.05
1288,15,7.05
1289,15,7.05
1290,15,7.15
1291,15,7.20
1292,15,7.35
1293,15,7.45
1294,15,7.55
1295,15,12.00
1296,15,8.05
1297,15,8.85
1298,15,9.10
1299,15,2.10
1300,15,2.10
1301,15,7.20
1302,15,7.45
1303,15,12.45
1304,15,7.80
1305,15,6.85
1306,15,5.25
1307,15,5.05
1308,15,4.85
1309,15,4.65
1310,15,4.60
1311,15,4.55
1312,15,4.55
1313,15,4.60
1314,15,4.60
1315,15,4.60
1316,15,4.75
1317,15,4.95
1318,15,5.25
1319,15,5.55
1320,15,5.80
1321,15,6.15
1322,15,6.70
1323,15,7.05
1324,15,5.85
1325,15,7.00
1326,15,2.10
1327,15,6.20
1328,15,7.00
1329,15,2.10
1330,15,2.10
1331,15,2.10
1332,15,3.30
1333,15,3.80
1334,15,4.40
1335,15,4.75
1336,15,6.50
1337,15,6.50
1338,15,6.50
1339,15,6.50
1340,15,6.60
1341,15,6.65
1342,15,6.80
1343,15,6.85
1344,15,7.00
1345,15,11.45
1346,15,7.50
1347,15,8.30
1348,15,8.55
1349,15,2.10
1350,15,3.65
1351,15,3.45
1352,15,3.45
1353,15,8.60
1354,15,4.05
1355,15,6.90
1356,15,5.50
1357,15,5.30
1358,15,5.10
1359,15,4.90
1360,15,4.85
1361,15,4.75
1362,15,4.65
1363,15,4.50
1364,15,4.50
1365,15,4.50
1366,15,4.80
1367,15,5.05
1368,15,5.35
1369,15,5.60
1370,15,5.90
1371,15,6.20
1372,15,6.75
1373,15,7.10
1374,15,5.90
1375,15,7.10
1376,15,7.55
1377,15,7.00
1378,15,6.20
1379,15,6.75
1380,15,6.30
1381,15,6.15
1382,15,5.75
1383,15,5.35
1384,15,4.75
1385,15,4.45
1386,15,3.90
1387,15,3.90
1388,15,3.90
1389,15,3.90
1390,15,3.70
1391,15,3.60
1392,15,3.45
1393,15,3.45
1394,15,3.45
1395,15,11.50
1396,15,7.60
1397,15,8.35
1398,15,8.60
1399,15,7.70
1400,15,8.40
1401,15,6.95
1402,15,7.25
1403,15,12.25
1404,15,7.60
1405,15,6.65
1406,15,5.05
1407,15,4.80
1408,15,4.65
1409,15,4.45
1410,15,4.35
1411,15,4.35
1412,15,4.35
1413,15,4.35
1414,15,4.35
1415,15,4.35
1416,15,4.55
1417,15,4.75
1418,15,5.05
1419,15,5.30
1420,15,5.60
1421,15,5.95
1422,15,6.45
1423,15,6.85
1424,15,5.60
1425,15,6.80
1426,15,2.10
1427,15,2.10
1428,15,6.75
1429,15,6.20
1430,15,2.10
1431,15,2.10
1432,15,2.10
1433,15,2.10
1434,15,4.20
1435,15,4.50
1436,15,6.30
1437,15,6.30
1438,15,6.30
1439,15,6.30
1440,15,6.35
1441,15,6.40
1442,15,6.60
1443,15,6.65
1444,15,6.80
1445,15,11.25
1446,15,7.30
1447,15,8.05
1448,15,8.35
1449,15,2.10
1450,15,3.85
1451,15,6.50
1452,15,6.80
1453,15,11.80
1454,15,7.15
1455,15,6.20
1456,15,4.60
1457,15,4.35
1458,15,4.20
1459,15,4.00
1460,15,3.95
1461,15,3.90
1462,15,3.90
1463,15,3.95
1464,15,3.95
1465,15,3.95
1466,15,4.10
1467,15,4.30
1468,15,4.65
1469,15,4.85
1470,15,5.20
1471,15,5.50
1472,15,6.00
1473,15,6.40
1474,15,5.15
1475,15,6.35
1476,15,2.10
1477,15,2.10
1478,15,6.30
1479,15,2.10
1480,15,6.20
1481,15,2.10
1482,15,2.10
1483,15,2.10
1484,15,3.75
1485,15,4.10
1486,15,5.85
1487,15,5.85
1488,15,5.85
1489,15,5.85
1490,15,5.90
1491,15,6.00
1492,15,6.15
1493,15,6.20
1494,15,6.35
1495,15,10.80
1496,15,6.85
1497,15,7.65
1498,15,7.90
1499,15,3.60
1500,15,4.25
1501,15,6.35
1502,15,6.65
1503,15,11.65
1504,15,7.00
1505,15,6.00
1506,15,4.45
1507,15,4.20
1508,15,4.05
1509,15,3.85
1510,15,3.75
1511,15,3.70
1512,15,3.70
1513,15,3.75
1514,15,3.75
1515,15,3.75
1516,15,3.95
1517,15,4.15
1518,15,4.45
1519,15,4.70
1520,15,5.00
1521,15,5.35
1522,15,5.85
1523,15,6.20
1524,15,5.00
1525,15,6.20
1526,15,2.10
1527,15,2.10
1528,15,6.15
1529,15,2.10
1530,15,2.10
1531,15,6.20
1532,15,2.10
1533,15,2.10
1534,15,3.45
1535,15,3.90
1536,15,5.70
1537,15,5.70
1538,15,5.70
1539,15,5.70
1540,15,5.75
1541,15,5.80
1542,15,5.95
1543,15,6.05
1544,15,6.20
1545,15,10.65
1546,15,6.70
1547,15,7.45
1548,15,7.75
1549,15,3.75
1550,15,4.45
1551,15,5.95
1552,15,6.25
1553,15,11.25
1554,15,6.60
1555,15,5.65
1556,15,4.05
1557,15,3.85
1558,15,3.65
1559,15,3.45
1560,15,3.35
1561,15,3.20
1562,15,3.10
1563,15,3.30
1564,15,3.30
1565,15,3.30
1566,15,3.55
1567,15,3.75
1568,15,4.10
1569,15,4.30
1570,15,4.65
1571,15,4.95
1572,15,5.45
1573,15,5.85
1574,15,4.60
1575,15,5.80
1576,15,3.95
1577,15,3.30
1578,15,5.75
1579,15,2.10
1580,15,2.10
1581,15,2.10
1582,15,6.20
1583,15,2.10
1584,15,2.90
1585,15,3.50
1586,15,5.30
1587,15,5.30
1588,15,5.30
1589,15,5.30
1590,15,5.35
1591,15,5.45
1592,15,5.60
1593,15,5.65
1594,15,5.80
1595,15,10.25
1596,15,6.30
1597,15,7.10
1598,15,7.35
1599,15,4.15
1600,15,4.80
1601,15,5.55
1602,15,5.85
1603,15,10.85
1604,15,6.20
1605,15,5.25
1606,15,3.65
1607,15,3.45
1608,15,3.15
1609,15,2.80
1610,15,2.70
1611,15,2.50
1612,15,2.10
1613,15,2.60
1614,15,2.60
1615,15,2.60
1616,15,2.95
1617,15,3.35
1618,15,3.65
1619,15,3.90
1620,15,4.20
1621,15,4.55
1622,15,5.05
1623,15,5.45
1624,15,4.20
1625,15,5.40
1626,15,4.35
1627,15,3.80
1628,15,5.35
1629,15,2.10
1630,15,2.10
1631,15,2.10
1632,15,2.10
1633,15,6.20
1634,15,2.10
1635,15,2.85
1636,15,4.90
1637,15,4.90
1638,15,4.90
1639,15,4.90
1640,15,4.95
1641,15,5.00
1642,15,5.15
1643,15,5.25
1644,15,5.40
1645,15,9.85
1646,15,5.90
1647,15,6.65
1648,15,6.95
1649,15,4.55
1650,15,5.25
1651,15,4.95
1652,15,5.25
1653,15,10.25
1654,15,5.60
1655,15,4.65
1656,15,2.95
1657,15,2.60
1658,15,2.30
1659,15,2.10
1660,15,2.10
1661,15,2.10
1662,15,2.10
1663,15,2.10
1664,15,2.10
1665,15,2.10
1666,15,2.15
1667,15,2.45
1668,15,2.95
1669,15,3.30
1670,15,3.65
1671,15,4.00
1672,15,4.50
1673,15,4.85
1674,15,3.65
1675,15,4.85
1676,15,4.95
1677,15,4.40
1678,15,4.75
1679,15,4.20
1680,15,3.75
1681,15,3.45
1682,15,2.90
1683,15,2.10
1684,15,6.20
1685,15,2.10
1686,15,4.15
1687,15,4.15
1688,15,4.15
1689,15,4.15
1690,15,4.35
1691,15,4.45
1692,15,4.55
1693,15,4.65
1694,15,4.80
1695,15,8.95
1696,15,5.35
1697,15,6.10
1698,15,6.40
1699,15,5.15
1700,15,5.80
1701,15,4.65
1702,15,4.90
1703,15,9.90
1704,15,5.25
1705,15,4.70
1706,15,3.30
1707,15,2.95
1708,15,2.65
1709,15,2.30
1710,15,2.15
1711,15,2.10
1712,15,2.10
1713,15,2.10
1714,15,2.10
1715,15,2.10
1716,15,2.10
1717,15,2.35
1718,15,2.85
1719,15,3.30
1720,15,3.65
1721,15,4.00
1722,15,4.50
1723,15,4.90
1724,15,3.65
1725,15,4.85
1726,15,5.30
1727,15,4.75
1728,15,4.45
1729,15,4.50
1730,15,4.10
1731,15,3.90
1732,15,3.50
1733,15,2.85
1734,15,2.10
1735,15,6.20
1736,15,3.45
1737,15,3.45
1738,15,3.45
1739,15,3.45
1740,15,3.70
1741,15,3.80
1742,15,4.10
1743,15,4.25
1744,15,4.45
1745,15,8.85
1746,15,5.35
1747,15,6.10
1748,15,6.40
1749,15,5.45
1750,15,6.15
1751,15,4.25
1752,15,4.65
1753,15,9.65
1754,15,5.05
1755,15,6.45
1756,15,5.05
1757,15,4.80
1758,15,4.65
1759,15,4.45
1760,15,4.35
1761,15,4.15
1762,15,3.95
1763,15,3.70
1764,15,3.70
1765,15,3.70
1766,15,4.20
1767,15,4.50
1768,15,4.90
1769,15,5.10
1770,15,5.45
1771,15,5.75
1772,15,6.25
1773,15,6.65
1774,15,5.45
1775,15,6.60
1776,15,7.05
1777,15,6.50
1778,15,3.90
1779,15,6.30
1780,15,5.85
1781,15,5.70
1782,15,5.30
1783,15,4.90
1784,15,4.15
1785,15,3.45
1786,15,6.20
1787,15,2.10
1788,15,2.10
1789,15,2.10
1790,15,2.10
1791,15,2.10
1792,15,2.10
1793,15,2.10
1794,15,3.50
1795,15,11.00
1796,15,7.10
1797,15,7.90
1798,15,8.15
1799,15,7.25
1800,15,7.90
1801,15,4.25
1802,15,4.65
1803,15,9.65
1804,15,5.05
1805,15,6.45
1806,15,5.05
1807,15,4.80
1808,15,4.65
1809,15,4.45
1810,15,4.35
1811,15,4.15
1812,15,3.95
1813,15,3.70
1814,15,3.70
1815,15,3.70
1816,15,4.20
1817,15,4.50
1818,15,4.90
1819,15,5.10
1820,15,5.45
1821,15,5.75
1822,15,6.25
1823,15,6.65
1824,15,5.45
1825,15,6.60
1826,15,7.05
1827,15,6.50
1828,15,3.90
1829,15,6.30
1830,15,5.85
1831,15,5.70
1832,15,5.30
1833,15,4.90
1834,15,4.15
1835,15,3.45
1836,15,2.10
1837,15,6.20
1838,15,2.10
1839,15,2.10
1840,15,2.10
1841,15,2.10
1842,15,2.10
1843,15,2.10
1844,15,3.50
1845,15,11.00
1846,15,7.10
1847,15,7.90
1848,15,8.15
1849,15,7.25
1850,15,7.90
1851,15,4.25
1852,15,4.65
1853,15,9.65
1854,15,5.05
1855,15,6.45
1856,15,5.05
1857,15,4.80
1858,15,4.65
1859,15,4.45
1860,15,4.35
1861,15,4.15
1862,15,3.95
1863,15,3.70
1864,15,3.70
1865,15,3.70
1866,15,4.20
1867,15,4.50
1868,15,4.90
1869,15,5.10
1870,15,5.45
1871,15,5.75
1872,15,6.25
1873,15,6.65
1874,15,5.45
1875,15,6.60
1876,15,7.05
1877,15,6.50
1878,15,3.90
1879,15,6.30
1880,15,5.85
1881,15,5.70
1882,15,5.30
1883,15,4.90
1884,15,4.15
1885,15,3.45
1886,15,2.10
1887,15,2.10
1888,15,6.20
1889,15,2.10
1890,15,2.10
1891,15,2.10
1892,15,2.10
1893,15,2.10
1894,15,3.50
1895,15,11.00
1896,15,7.10
1897,15,7.90
1898,15,8.15
1899,15,7.25
1900,15,7.90
1901,15,4.25
1902,15,4.65
1903,15,9.65
1904,15,5.05
1905,15,6.45
1906,15,5.05
1907,15,4.80
1908,15,4.65
1909,15,4.45
1910,15,4.35
1911,15,4.15
1912,15,3.95
1913,15,3.70
1914,15,3.70
1915,15,3.70
1916,15,4.20
1917,15,4.50
1918,15,4.90
1919,15,5.10
1920,15,5.45
1921,15,5.75
1922,15,6.25
1923,15,6.65
1924,15,5.45
1925,15,6.60
1926,15,7.05
1927,15,6.50
1928,15,3.90
1929,15,6.30
1930,15,5.85
1931,15,5.70
1932,15,5.30
1933,15,4.90
1934,15,4.15
1935,15,3.45
1936,15,2.10
1937,15,2.10
1938,15,2.10
1939,15,6.20
1940,15,2.10
1941,15,2.10
1942,15,2.10
1943,15,2.10
1944,15,3.50
1945,15,11.00
1946,15,7.10
1947,15,7.90
1948,15,8.15
1949,15,7.25
1950,15,7.90
1951,15,4.05
1952,15,4.45
1953,15,9.60
1954,15,4.95
1955,15,6.50
1956,15,5.10
1957,15,4.90
1958,15,4.70
1959,15,4.50
1960,15,4.45
1961,15,4.35
1962,15,4.10
1963,15,3.90
1964,15,3.90
1965,15,3.90
1966,15,4.40
1967,15,4.65
1968,15,4.95
1969,15,5.20
1970,15,5.50
1971,15,5.80
1972,15,6.35
1973,15,6.70
1974,15,5.50
1975,15,6.70
1976,15,7.15
1977,15,6.60
1978,15,3.70
1979,15,6.35
1980,15,5.90
1981,15,5.75
1982,15,5.35
1983,15,4.95
1984,15,4.35
1985,15,3.70
1986,15,2.10
1987,15,2.10
1988,15,2.10
1989,15,2.10
1990,15,6.20
1991,15,2.10
1992,15,2.10
1993,15,2.10
1994,15,3.30
1995,15,11.10
1996,15,7.20
1997,15,7.95
1998,15,8.20
1999,15,7.30
2000,15,8.00
2001,15,3.95
2002,15,4.35
2003,15,9.50
2004,15,4.90
2005,15,6.55
2006,15,5.20
2007,15,4.95
2008,15,4.75
2009,15,4.55
2010,15,4.50
2011,15,4.40
2012,15,4.25
2013,15,4.00
2014,15,4.00
2015,15,4.00
2016,15,4.50
2017,15,4.70
2018,15,5.00
2019,15,5.25
2020,15,5.55
2021,15,5.90
2022,15,6.40
2023,15,6.75
2024,15,5.55
2025,15,6.75
2026,15,7.20
2027,15,6.65
2028,15,3.60
2029,15,6.40
2030,15,6.00
2031,15,5.80
2032,15,5.45
2033,15,5.00
2034,15,4.45
2035,15,3.80
2036,15,2.10
2037,15,2.10
2038,15,2.10
2039,15,2.10
2040,15,2.10
2041,15,6.20
2042,15,2.10
2043,15,2.10
2044,15,3.30
2045,15,11.20
2046,15,7.25
2047,15,8.00
2048,15,8.30
2049,15,7.35
2050,15,8.05
2051,15,3.65
2052,15,4.10
2053,15,9.20
2054,15,4.65
2055,15,6.75
2056,15,5.30
2057,15,5.10
2058,15,4.95
2059,15,4.75
2060,15,4.65
2061,15,4.55
2062,15,4.45
2063,15,4.30
2064,15,4.30
2065,15,4.30
2066,15,4.60
2067,15,4.85
2068,15,5.15
2069,15,5.40
2070,15,5.70
2071,15,6.05
2072,15,6.55
2073,15,6.95
2074,15,5.70
2075,15,6.90
2076,15,7.35
2077,15,6.80
2078,15,3.45
2079,15,6.60
2080,15,6.15
2081,15,5.95
2082,15,5.60
2083,15,5.15
2084,15,4.55
2085,15,4.10
2086,15,2.10
2087,15,2.10
2088,15,2.10
2089,15,2.10
2090,15,2.10
2091,15,2.10
2092,15,6.20
2093,15,2.10
2094,15,3.30
2095,15,11.30
2096,15,7.40
2097,15,8.20
2098,15,8.45
2099,15,7.55
2100,15,8.20
2101,15,3.45
2102,15,3.95
2103,15,9.10
2104,15,4.50
2105,15,6.80
2106,15,5.40
2107,15,5.20
2108,15,5.00
2109,15,4.80
2110,15,4.75
2111,15,4.65
2112,15,4.50
2113,15,4.40
2114,15,4.40
2115,15,4.40
2116,15,4.70
2117,15,4.90
2118,15,5.25
2119,15,5.50
2120,15,5.80
2121,15,6.10
2122,15,6.65
2123,15,7.00
2124,15,5.80
2125,15,7.00
2126,15,7.45
2127,15,6.85
2128,15,3.45
2129,15,6.65
2130,15,6.20
2131,15,6.05
2132,15,5.65
2133,15,5.25
2134,15,4.65
2135,15,4.25
2136,15,2.10
2137,15,2.10
2138,15,2.10
2139,15,2.10
2140,15,2.10
2141,15,2.10
2142,15,2.10
2143,15,6.20
2144,15,3.30
2145,15,11.40
2146,15,7.45
2147,15,8.25
2148,15,8.50
2149,15,7.60
2150,15,8.30
2151,15,3.45
2152,15,3.45
2153,15,8.85
2154,15,4.25
2155,15,6.95
2156,15,5.55
2157,15,5.30
2158,15,5.15
2159,15,4.95
2160,15,4.85
2161,15,4.80
2162,15,4.65
2163,15,4.55
2164,15,4.55
2165,15,4.55
2166,15,4.85
2167,15,5.05
2168,15,5.35
2169,15,5.60
2170,15,5.95
2171,15,6.25
2172,15,6.80
2173,15,7.15
2174,15,5.95
2175,15,7.10
2176,15,7.55
2177,15,7.00
2178,15,3.45
2179,15,6.80
2180,15,6.35
2181,15,6.20
2182,15,5.80
2183,15,5.40
2184,15,4.80
2185,15,4.45
2186,15,3.50
2187,15,3.50
2188,15,3.50
2189,15,3.50
2190,15,3.30
2191,15,3.30
2192,15,3.30
2193,15,3.30
2194,15,6.20
2195,15,11.55
2196,15,7.60
2197,15,8.40
2198,15,8.65
2199,15,7.75
2200,15,8.40
2201,15,11.70
2202,15,12.00
2203,15,17.00
2204,15,12.35
2205,15,10.55
2206,15,10.15
2207,15,9.95
2208,15,9.75
2209,15,9.45
2210,15,9.30
2211,15,9.15
2212,15,8.90
2213,15,8.60
2214,15,8.60
2215,15,8.60
2216,15,8.60
2217,15,6.50
2218,15,8.60
2219,15,8.60
2220,15,9.25
2221,15,9.75
2222,15,10.40
2223,15,10.75
2224,15,9.25
2225,15,10.75
2226,15,12.00
2227,15,11.45
2228,15,11.50
2229,15,11.25
2230,15,10.80
2231,15,10.65
2232,15,10.25
2233,15,9.85
2234,15,8.95
2235,15,8.85
2236,15,11.00
2237,15,11.00
2238,15,11.00
2239,15,11.00
2240,15,11.10
2241,15,11.20
2242,15,11.30
2243,15,11.40
2244,15,11.55
2245,15,6.20
2246,15,11.25
2247,15,12.00
2248,15,12.30
2249,15,12.20
2250,15,12.85
2251,15,7.80
2252,15,8.05
2253,15,13.05
2254,15,8.40
2255,15,5.50
2256,15,6.25
2257,15,6.00
2258,15,5.85
2259,15,5.60
2260,15,5.60
2261,15,5.50
2262,15,5.35
2263,15,5.25
2264,15,5.25
2265,15,5.25
2266,15,4.95
2267,15,4.75
2268,15,4.45
2269,15,4.20
2270,15,3.90
2271,15,2.10
2272,15,2.10
2273,15,2.10
2274,15,4.50
2275,15,5.70
2276,15,8.05
2277,15,7.50
2278,15,7.60
2279,15,7.30
2280,15,6.85
2281,15,6.70
2282,15,6.30
2283,15,5.90
2284,15,5.35
2285,15,5.35
2286,15,7.10
2287,15,7.10
2288,15,7.10
2289,15,7.10
2290,15,7.20
2291,15,7.25
2292,15,7.40
2293,15,7.45
2294,15,7.60
2295,15,11.25
2296,15,6.20
2297,15,2.55
2298,15,3.00
2299,15,8.25
2300,15,8.90
2301,15,8.55
2302,15,8.85
2303,15,13.85
2304,15,9.20
2305,15,6.30
2306,15,7.00
2307,15,6.80
2308,15,6.60
2309,15,6.40
2310,15,6.35
2311,15,6.25
2312,15,6.10
2313,15,6.00
2314,15,6.00
2315,15,6.00
2316,15,5.75
2317,15,5.55
2318,15,5.20
2319,15,4.95
2320,15,4.65
2321,15,4.35
2322,15,3.80
2323,15,3.30
2324,15,5.25
2325,15,6.45
2326,15,8.85
2327,15,8.30
2328,15,8.35
2329,15,8.05
2330,15,7.65
2331,15,7.45
2332,15,7.10
2333,15,6.65
2334,15,6.10
2335,15,6.10
2336,15,7.90
2337,15,7.90
2338,15,7.90
2339,15,7.90
2340,15,7.95
2341,15,8.00
2342,15,8.20
2343,15,8.25
2344,15,8.40
2345,15,12.00
2346,15,2.55
2347,15,6.20
2348,15,2.10
2349,15,9.00
2350,15,9.70
2351,15,8.80
2352,15,9.10
2353,15,14.10
2354,15,9.45
2355,15,6.55
2356,15,7.30
2357,15,7.05
2358,15,6.85
2359,15,6.65
2360,15,6.60
2361,15,6.55
2362,15,6.40
2363,15,6.30
2364,15,6.30
2365,15,6.30
2366,15,6.00
2367,15,5.80
2368,15,5.50
2369,15,5.25
2370,15,4.95
2371,15,4.60
2372,15,4.10
2373,15,3.70
2374,15,5.55
2375,15,6.70
2376,15,9.10
2377,15,8.55
2378,15,8.60
2379,15,8.35
2380,15,7.90
2381,15,7.75
2382,15,7.35
2383,15,6.95
2384,15,6.40
2385,15,6.40
2386,15,8.15
2387,15,8.15
2388,15,8.15
2389,15,8.15
2390,15,8.20
2391,15,8.30
2392,15,8.45
2393,15,8.50
2394,15,8.65
2395,15,12.30
2396,15,3.00
2397,15,2.10
2398,15,6.20
2399,15,9.30
2400,15,9.95
2401,15,7.90
2402,15,8.20
2403,15,13.20
2404,15,8.55
2405,15,7.55
2406,15,6.00
2407,15,5.75
2408,15,5.60
2409,15,5.40
2410,15,5.30
2411,15,5.30
2412,15,5.30
2413,15,5.30
2414,15,5.30
2415,15,5.30
2416,15,5.50
2417,15,5.70
2418,15,6.00
2419,15,6.25
2420,15,6.55
2421,15,6.90
2422,15,7.40
2423,15,7.75
2424,15,6.55
2425,15,7.75
2426,15,2.10
2427,15,2.10
2428,15,7.70
2429,15,2.10
2430,15,3.60
2431,15,3.75
2432,15,4.15
2433,15,4.55
2434,15,5.15
2435,15,5.45
2436,15,7.25
2437,15,7.25
2438,15,7.25
2439,15,7.25
2440,15,7.30
2441,15,7.35
2442,15,7.55
2443,15,7.60
2444,15,7.75
2445,15,12.20
2446,15,8.25
2447,15,9.00
2448,15,9.30
2449,15,6.20
2450,15,2.10
2451,15,8.60
2452,15,8.85
2453,15,13.85
2454,15,9.25
2455,15,8.25
2456,15,6.65
2457,15,6.45
2458,15,6.25
2459,15,6.05
2460,15,6.00
2461,15,5.95
2462,15,5.95
2463,15,6.00
2464,15,6.00
2465,15,6.00
2466,15,6.15
2467,15,6.35
2468,15,6.70
2469,15,6.95
2470,15,7.25
2471,15,7.55
2472,15,8.10
2473,15,8.45
2474,15,7.25
2475,15,8.45
2476,15,2.10
2477,15,3.65
2478,15,8.40
2479,15,3.85
2480,15,4.25
2481,15,4.45
2482,15,4.80
2483,15,5.25
2484,15,5.80
2485,15,6.15
2486,15,7.90
2487,15,7.90
2488,15,7.90
2489,15,7.90
2490,15,8.00
2491,15,8.05
2492,15,8.20
2493,15,8.30
2494,15,8.40
2495,15,12.85
2496,15,8.90
2497,15,9.70
2498,15,9.95
2499,15,2.10
2500,15,6.20
1,5,3.10
2,5,1.70
3,5,4.10
4,5,1.70
5,5,3.55
6,5,2.85
7,5,2.75
8,5,2.65
9,5,2.55
10,5,2.50
11,5,2.45
12,5,2.40
13,5,2.35
14,5,2.35
15,5,2.35
16,5,2.50
17,5,2.60
18,5,2.75
19,5,2.90
20,5,3.05
21,5,3.20
22,5,3.45
23,5,3.65
24,5,3.05
25,5,3.65
26,5,3.85
27,5,3.60
28,5,1.70
29,5,3.45
30,5,3.25
31,5,3.15
32,5,2.95
33,5,2.75
34,5,2.45
35,5,2.30
36,5,2.10
37,5,2.10
38,5,2.10
39,5,2.10
40,5,2.00
41,5,1.95
42,5,1.80
43,5,1.70
44,5,1.70
45,5,5.85
46,5,3.90
47,5,4.25
48,5,4.40
49,5,3.95
50,5,4.30
51,5,1.70
52,5,3.10
53,5,4.10
54,5,1.70
55,5,3.70
56,5,3.00
57,5,2.85
58,5,2.80
59,5,2.70
60,5,2.65
61,5,2.60
62,5,2.55
63,5,2.50
64,5,2.50
65,5,2.50
66,5,2.65
67,5,2.75
68,5,2.90
69,5,3.05
70,5,3.20
71,5,3.35
72,5,3.60
73,5,3.80
74,5,3.20
75,5,3.75
76,5,4.00
77,5,3.70
78,5,1.70
79,5,3.60
80,5,3.40
81,5,3.30
82,5,3.10
83,5,2.90
84,5,2.60
85,5,2.45
86,5,2.30
87,5,2.30
88,5,2.30
89,5,2.30
90,5,2.20
91,5,2.15
92,5,2.05
93,5,1.95
94,5,1.70
95,5,6.00
96,5,4.00
97,5,4.40
98,5,4.55
99,5,4.10
100,5,4.40
101,5,4.10
102,5,4.10
103,5,3.10
104,5,2.40
105,5,6.20
106,5,5.50
107,5,5.35
108,5,5.30
109,5,5.20
110,5,5.15
111,5,5.10
112,5,5.05
113,5,5.00
114,5,5.00
115,5,5.00
116,5,5.15
117,5,5.25
118,5,5.40
119,5,5.55
120,5,5.70
121,5,5.85
122,5,6.10
123,5,6.30
124,5,5.70
125,5,6.25
126,5,6.50
127,5,6.20
128,5,4.30
129,5,6.10
130,5,5.90
131,5,5.80
132,5,5.60
133,5,5.40
134,5,5.10
135,5,4.95
136,5,4.80
137,5,4.80
138,5,4.80
139,5,4.80
140,5,4.80
141,5,4.75
142,5,4.60
143,5,4.55
144,5,4.40
145,5,8.50
146,5,6.50
147,5,6.90
148,5,7.05
149,5,6.60
150,5,6.90
151,5,1.70
152,5,1.70
153,5,2.40
154,5,3.10
155,5,3.85
156,5,3.15
157,5,3.05
158,5,2.95
159,5,2.85
160,5,2.85
161,5,2.80
162,5,2.70
163,5,2.65
164,5,2.65
165,5,2.65
166,5,2.80
167,5,2.90
168,5,3.10
169,5,3.20
170,5,3.35
171,5,3.50
172,5,3.80
173,5,3.95
174,5,3.35
175,5,3.95
176,5,4.15
177,5,3.90
178,5,2.00
179,5,3.80
180,5,3.55
181,5,3.50
182,5,3.30
183,5,3.10
184,5,2.80
185,5,2.60
186,5,2.50
187,5,2.50
188,5,2.50
189,5,2.50
190,5,2.45
191,5,2.45
192,5,2.30
193,5,2.25
194,5,2.10
195,5,6.15
196,5,4.20
197,5,4.60
198,5,4.70
199,5,4.25
200,5,4.60
201,5,3.55
202,5,3.70
203,5,6.20
204,5,3.85
205,5,3.10
206,5,2.75
207,5,2.65
208,5,2.55
209,5,2.45
210,5,2.45
211,5,2.40
212,5,2.30
213,5,2.25
214,5,2.25
215,5,2.25
216,5,2.15
217,5,2.05
218,5,1.90
219,5,1.05
220,5,1.90
221,5,2.05
222,5,2.30
223,5,2.50
224,5,1.05
225,5,1.05
226,5,3.70
227,5,3.40
228,5,3.45
229,5,3.30
230,5,3.10
231,5,3.00
232,5,2.80
233,5,2.60
234,5,2.30
235,5,2.35
236,5,3.20
237,5,3.20
238,5,3.20
239,5,3.20
240,5,3.25
241,5,3.25
242,5,3.35
243,5,3.40
244,5,3.45
245,5,5.25
246,5,2.75
247,5,3.15
248,5,3.25
249,5,3.75
250,5,4.10
251,5,2.85
252,5,3.00
253,5,5.50
254,5,3.15
255,5,2.75
256,5,3.10
257,5,1.05
258,5,1.05
259,5,1.05
260,5,1.05
261,5,1.05
262,5,1.45
263,5,1.55
264,5,1.55
265,5,1.55
266,5,1.70
267,5,1.85
268,5,2.00
269,5,2.10
270,5,2.25
271,5,2.40
272,5,2.70
273,5,2.85
274,5,2.25
275,5,2.85
276,5,2.90
277,5,2.60
278,5,2.75
279,5,2.50
280,5,2.30
281,5,2.20
282,5,2.00
283,5,1.80
284,5,1.45
285,5,1.65
286,5,2.50
287,5,2.50
288,5,2.50
289,5,2.50
290,5,2.55
291,5,2.60
292,5,2.65
293,5,2.70
294,5,2.75
295,5,5.05
296,5,3.10
297,5,3.50
298,5,3.65
299,5,3.00
300,5,3.30
301,5,2.75
302,5,2.85
303,5,5.35
304,5,3.05
305,5,2.65
306,5,1.05
307,5,3.10
308,5,1.05
309,5,1.05
310,5,1.05
311,5,1.05
312,5,1.25
313,5,1.35
314,5,1.35
315,5,1.35
316,5,1.60
317,5,1.70
318,5,1.90
319,5,2.00
320,5,2.15
321,5,2.30
322,5,2.55
323,5,2.75
324,5,2.15
325,5,2.75
326,5,2.80
327,5,2.50
328,5,2.65
329,5,2.40
330,5,2.15
331,5,2.10
332,5,1.90
333,5,1.70
334,5,1.30
335,5,1.45
336,5,2.40
337,5,2.40
338,5,2.40
339,5,2.40
340,5,2.45
341,5,2.45
342,5,2.55
343,5,2.60
344,5,2.65
345,5,4.95
346,5,3.00
347,5,3.40
348,5,3.50
349,5,2.85
350,5,3.20
351,5,2.65
352,5,2.80
353,5,5.30
354,5,2.95
355,5,2.55
356,5,1.05
357,5,1.05
358,5,3.10
359,5,1.05
360,5,1.05
361,5,1.05
362,5,1.10
363,5,1.20
364,5,1.20
365,5,1.20
366,5,1.45
367,5,1.65
368,5,1.80
369,5,1.90
370,5,2.05
371,5,2.20
372,5,2.50
373,5,2.65
374,5,2.05
375,5,2.65
376,5,2.70
377,5,2.40
378,5,2.55
379,5,2.30
380,5,2.10
381,5,2.00
382,5,1.80
383,5,1.55
384,5,1.15
385,5,1.30
386,5,2.30
387,5,2.30
388,5,2.30
389,5,2.30
390,5,2.35
391,5,2.35
392,5,2.45
393,5,2.50
394,5,2.55
395,5,4.85
396,5,2.90
397,5,3.30
398,5,3.40
399,5,2.80
400,5,3.10
401,5,2.55
402,5,2.70
403,5,5.20
404,5,2.85
405,5,2.45
406,5,1.05
407,5,1.05
408,5,1.05
409,5,3.10
410,5,1.05
411,5,1.05
412,5,1.05
413,5,1.05
414,5,1.05
415,5,1.05
416,5,1.30
417,5,1.45
418,5,1.70
419,5,1.80
420,5,1.95
421,5,2.10
422,5,2.40
423,5,2.55
424,5,1.95
425,5,2.55
426,5,2.60
427,5,2.30
428,5,2.45
429,5,2.20
430,5,2.00
431,5,1.90
432,5,1.70
433,5,1.40
434,5,1.05
435,5,1.15
436,5,2.20
437,5,2.20
438,5,2.20
439,5,2.20
440,5,2.25
441,5,2.25
442,5,2.35
443,5,2.40
444,5,2.45
445,5,4.70
446,5,2.80
447,5,3.20
448,5,3.30
449,5,2.70
450,5,3.00
451,5,2.50
452,5,2.65
453,5,5.15
454,5,2.85
455,5,2.45
456,5,1.05
457,5,1.05
458,5,1.05
459,5,1.05
460,5,3.10
461,5,1.05
462,5,1.05
463,5,1.05
464,5,1.05
465,5,1.05
466,5,1.20
467,5,1.40
468,5,1.65
469,5,1.80
470,5,1.95
471,5,2.10
472,5,2.35
473,5,2.55
474,5,1.95
475,5,2.55
476,5,2.55
477,5,2.30
478,5,2.40
479,5,2.15
480,5,1.95
481,5,1.85
482,5,1.65
483,5,1.35
484,5,1.05
485,5,1.05
486,5,2.15
487,5,2.15
488,5,2.15
489,5,2.15
490,5,2.20
491,5,2.25
492,5,2.30
493,5,2.35
494,5,2.40
495,5,4.65
496,5,2.80
497,5,3.15
498,5,3.30
499,5,2.65
500,5,3.00
501,5,2.45
502,5,2.60
503,5,5.10
504,5,2.80
505,5,2.40
506,5,1.05
507,5,1.05
508,5,1.05
509,5,1.05
510,5,1.05
511,5,3.10
512,5,1.05
513,5,1.05
514,5,1.05
515,5,1.05
516,5,1.15
517,5,1.30
518,5,1.55
519,5,1.75
520,5,1.90
521,5,2.05
522,5,2.30
523,5,2.50
524,5,1.90
525,5,2.50
526,5,2.55
527,5,2.25
528,5,2.35
529,5,2.15
530,5,1.95
531,5,1.85
532,5,1.60
533,5,1.25
534,5,1.05
535,5,1.05
536,5,2.05
537,5,2.05
538,5,2.05
539,5,2.05
540,5,2.15
541,5,2.20
542,5,2.25
543,5,2.30
544,5,2.40
545,5,4.55
546,5,2.75
547,5,3.10
548,5,3.25
549,5,2.65
550,5,2.95
551,5,2.40
552,5,2.55
553,5,5.05
554,5,2.70
555,5,2.30
556,5,1.45
557,5,1.25
558,5,1.10
559,5,1.05
560,5,1.05
561,5,1.05
562,5,3.10
563,5,1.05
564,5,1.05
565,5,1.05
566,5,1.05
567,5,1.20
568,5,1.45
569,5,1.65
570,5,1.80
571,5,2.00
572,5,2.25
573,5,2.40
574,5,1.80
575,5,2.40
576,5,2.55
577,5,2.25
578,5,2.30
579,5,2.15
580,5,1.95
581,5,1.85
582,5,1.55
583,5,1.05
584,5,1.05
585,5,1.05
586,5,1.95
587,5,1.95
588,5,1.95
589,5,1.95
590,5,2.05
591,5,2.10
592,5,2.20
593,5,2.25
594,5,2.30
595,5,4.45
596,5,2.65
597,5,3.05
598,5,3.20
599,5,2.65
600,5,2.95
601,5,2.35
602,5,2.50
603,5,5.00
604,5,2.65
605,5,2.25
606,5,1.55
607,5,1.35
608,5,1.20
609,5,1.05
610,5,1.05
611,5,1.05
612,5,1.05
613,5,3.10
614,5,1.05
615,5,1.05
616,5,1.05
617,5,1.05
618,5,1.35
619,5,1.55
620,5,1.75
621,5,1.95
622,5,2.20
623,5,2.40
624,5,1.75
625,5,2.35
626,5,2.55
627,5,2.30
628,5,2.25
629,5,2.15
630,5,1.95
631,5,1.85
632,5,1.65
633,5,1.30
634,5,1.05
635,5,1.05
636,5,1.85
637,5,1.85
638,5,1.85
639,5,1.85
640,5,1.95
641,5,2.00
642,5,2.15
643,5,2.20
644,5,2.25
645,5,4.30
646,5,2.60
647,5,3.00
648,5,3.15
649,5,2.65
650,5,3.00
651,5,2.35
652,5,2.50
653,5,5.00
654,5,2.65
655,5,2.25
656,5,1.55
657,5,1.35
658,5,1.20
659,5,1.05
660,5,1.05
661,5,1.05
662,5,1.05
663,5,1.05
664,5,3.10
665,5,1.05
666,5,1.05
667,5,1.05
668,5,1.35
669,5,1.55
670,5,1.75
671,5,1.95
672,5,2.20
673,5,2.40
674,5,1.75
675,5,2.35
676,5,2.55
677,5,2.30
678,5,2.25
679,5,2.15
680,5,1.95
681,5,1.85
682,5,1.65
683,5,1.30
684,5,1.05
685,5,1.05
686,5,1.85
687,5,1.85
688,5,1.85
689,5,1.85
690,5,1.95
691,5,2.00
692,5,2.15
693,5,2.20
694,5,2.25
695,5,4.30
696,5,2.60
697,5,3.00
698,5,3.15
699,5,2.65
700,5,3.00
701,5,2.35
702,5,2.50
703,5,5.00
704,5,2.65
705,5,2.25
706,5,1.55
707,5,1.35
708,5,1.20
709,5,1.05
710,5,1.05
711,5,1.05
712,5,1.05
713,5,1.05
714,5,1.05
715,5,3.10
716,5,1.05
717,5,1.05
718,5,1.35
719,5,1.55
720,5,1.75
721,5,1.95
722,5,2.20
723,5,2.40
724,5,1.75
725,5,2.35
726,5,2.55
727,5,2.30
728,5,2.25
729,5,2.15
730,5,1.95
731,5,1.85
732,5,1.65
733,5,1.30
734,5,1.05
735,5,1.05
736,5,1.85
737,5,1.85
738,5,1.85
739,5,1.85
740,5,1.95
741,5,2.00
742,5,2.15
743,5,2.20
744,5,2.25
745,5,4.30
746,5,2.60
747,5,3.00
748,5,3.15
749,5,2.65
750,5,3.00
751,5,2.50
752,5,2.65
753,5,5.15
754,5,2.80
755,5,2.15
756,5,1.70
757,5,1.60
758,5,1.45
759,5,1.30
760,5,1.20
761,5,1.15
762,5,1.05
763,5,1.05
764,5,1.05
765,5,1.05
766,5,3.10
767,5,1.05
768,5,1.05
769,5,1.30
770,5,1.55
771,5,1.80
772,5,2.05
773,5,2.25
774,5,1.55
775,5,2.20
776,5,2.65
777,5,2.35
778,5,2.40
779,5,2.25
780,5,2.05
781,5,1.95
782,5,1.75
783,5,1.45
784,5,1.05
785,5,1.05
786,5,2.10
787,5,2.10
788,5,2.10
789,5,2.10
790,5,2.20
791,5,2.25
792,5,2.30
793,5,2.35
794,5,2.40
795,5,4.30
796,5,2.45
797,5,2.85
798,5,3.00
799,5,2.75
800,5,3.05
801,5,2.60
802,5,2.75
803,5,5.25
804,5,2.90
805,5,2.05
806,5,1.85
807,5,1.70
808,5,1.65
809,5,1.45
810,5,1.40
811,5,1.30
812,5,1.20
813,5,1.05
814,5,1.05
815,5,1.05
816,5,1.05
817,5,3.10
818,5,1.05
819,5,1.05
820,5,1.35
821,5,1.60
822,5,1.95
823,5,2.15
824,5,1.35
825,5,2.10
826,5,2.75
827,5,2.45
828,5,2.50
829,5,2.35
830,5,2.15
831,5,2.05
832,5,1.85
833,5,1.65
834,5,1.20
835,5,1.15
836,5,2.25
837,5,2.25
838,5,2.25
839,5,2.25
840,5,2.30
841,5,2.35
842,5,2.40
843,5,2.45
844,5,2.50
845,5,3.25
846,5,2.35
847,5,2.75
848,5,2.90
849,5,2.85
850,5,3.15
851,5,2.75
852,5,2.90
853,5,5.40
854,5,3.10
855,5,1.90
856,5,2.00
857,5,1.90
858,5,1.80
859,5,1.70
860,5,1.65
861,5,1.55
862,5,1.45
863,5,1.35
864,5,1.35
865,5,1.35
866,5,1.05
867,5,1.05
868,5,3.10
869,5,1.05
870,5,1.05
871,5,1.35
872,5,1.75
873,5,1.95
874,5,1.05
875,5,1.95
876,5,2.90
877,5,2.60
878,5,2.65
879,5,2.50
880,5,2.30
881,5,2.20
882,5,2.05
883,5,1.80
884,5,1.45
885,5,1.40
886,5,2.45
887,5,2.45
888,5,2.45
889,5,2.45
890,5,2.45
891,5,2.50
892,5,2.55
893,5,2.60
894,5,2.65
895,5,4.30
896,5,2.20
897,5,2.60
898,5,2.75
899,5,3.00
900,5,3.35
901,5,2.90
902,5,3.05
903,5,5.55
904,5,3.20
905,5,1.05
906,5,2.10
907,5,2.00
908,5,1.90
909,5,1.80
910,5,1.80
911,5,1.75
912,5,1.65
913,5,1.55
914,5,1.55
915,5,1.55
916,5,1.30
917,5,1.05
918,5,1.05
919,5,3.10
920,5,1.05
921,5,1.05
922,5,1.05
923,5,1.05
924,5,1.05
925,5,1.05
926,5,3.05
927,5,2.75
928,5,2.80
929,5,2.65
930,5,2.40
931,5,2.35
932,5,2.15
933,5,1.95
934,5,1.65
935,5,1.65
936,5,2.55
937,5,2.55
938,5,2.55
939,5,2.55
940,5,2.60
941,5,2.60
942,5,2.70
943,5,2.75
944,5,2.80
945,5,4.30
946,5,2.10
947,5,2.45
948,5,2.60
949,5,3.10
950,5,3.45
951,5,3.05
952,5,3.20
953,5,5.70
954,5,3.35
955,5,1.90
956,5,2.25
957,5,2.15
958,5,2.05
959,5,1.95
960,5,1.95
961,5,1.90
962,5,1.80
963,5,1.75
964,5,1.75
965,5,1.75
966,5,1.55
967,5,1.35
968,5,1.05
969,5,1.05
970,5,3.10
971,5,1.05
972,5,1.05
973,5,1.05
974,5,1.05
975,5,2.00
976,5,3.20
977,5,2.90
978,5,2.95
979,5,2.80
980,5,2.60
981,5,2.50
982,5,2.30
983,5,2.10
984,5,1.80
985,5,1.80
986,5,2.70
987,5,2.70
988,5,2.70
989,5,2.70
990,5,2.75
991,5,2.75
992,5,2.85
993,5,2.90
994,5,2.95
995,5,4.60
996,5,1.95
997,5,2.30
998,5,2.45
999,5,3.25
1000,5,3.60
1001,5,3.20
1002,5,3.35
1003,5,5.85
1004,5,3.50
1005,5,2.05
1006,5,2.40
1007,5,2.30
1008,5,2.20
1009,5,2.10
1010,5,2.10
1011,5,2.05
1012,5,2.00
1013,5,1.95
1014,5,1.95
1015,5,1.95
1016,5,1.80
1017,5,1.60
1018,5,1.35
1019,5,1.05
1020,5,1.05
1021,5,3.10
1022,5,1.05
1023,5,1.05
1024,5,1.40
1025,5,2.15
1026,5,3.35
1027,5,3.05
1028,5,3.10
1029,5,2.95
1030,5,2.75
1031,5,2.65
1032,5,2.45
1033,5,2.25
1034,5,2.00
1035,5,2.00
1036,5,2.85
1037,5,2.85
1038,5,2.85
1039,5,2.85
1040,5,2.90
1041,5,2.95
1042,5,3.00
1043,5,3.05
1044,5,3.10
1045,5,4.85
1046,5,1.05
1047,5,2.15
1048,5,2.30
1049,5,3.45
1050,5,3.75
1051,5,3.45
1052,5,3.60
1053,5,6.10
1054,5,3.80
1055,5,2.30
1056,5,2.70
1057,5,2.55
1058,5,2.50
1059,5,2.40
1060,5,2.35
1061,5,2.30
1062,5,2.25
1063,5,2.20
1064,5,2.20
1065,5,2.20
1066,5,2.05
1067,5,1.95
1068,5,1.75
1069,5,1.05
1070,5,1.05
1071,5,1.05
1072,5,3.10
1073,5,1.05
1074,5,1.80
1075,5,2.40
1076,5,3.60
1077,5,3.35
1078,5,3.35
1079,5,3.20
1080,5,3.00
1081,5,2.90
1082,5,2.70
1083,5,2.50
1084,5,2.25
1085,5,2.25
1086,5,3.10
1087,5,3.10
1088,5,3.10
1089,5,3.10
1090,5,3.15
1091,5,3.20
1092,5,3.25
1093,5,3.30
1094,5,3.40
1095,5,5.20
1096,5,1.05
1097,5,1.90
1098,5,2.05
1099,5,3.70
1100,5,4.05
1101,5,3.65
1102,5,3.80
1103,5,6.30
1104,5,3.95
1105,5,2.50
1106,5,2.85
1107,5,2.75
1108,5,2.65
1109,5,2.55
1110,5,2.55
1111,5,2.50
1112,5,2.40
1113,5,2.40
1114,5,2.40
1115,5,2.40
1116,5,2.25
1117,5,2.15
1118,5,1.95
1119,5,1.05
1120,5,1.05
1121,5,1.05
1122,5,1.05
1123,5,3.10
1124,5,2.00
1125,5,2.60
1126,5,3.80
1127,5,3.50
1128,5,3.55
1129,5,3.40
1130,5,3.20
1131,5,3.10
1132,5,2.90
1133,5,2.70
1134,5,2.40
1135,5,2.45
1136,5,3.30
1137,5,3.30
1138,5,3.30
1139,5,3.30
1140,5,3.35
1141,5,3.35
1142,5,3.45
1143,5,3.50
1144,5,3.55
1145,5,5.35
1146,5,1.05
1147,5,1.65
1148,5,1.85
1149,5,3.85
1150,5,4.20
1151,5,3.05
1152,5,3.20
1153,5,5.70
1154,5,3.35
1155,5,1.05
1156,5,2.25
1157,5,2.15
1158,5,2.05
1159,5,1.95
1160,5,1.95
1161,5,1.90
1162,5,1.80
1163,5,1.75
1164,5,1.75
1165,5,1.75
1166,5,1.55
1167,5,1.35
1168,5,1.05
1169,5,1.05
1170,5,1.05
1171,5,1.40
1172,5,1.80
1173,5,2.00
1174,5,3.10
1175,5,1.05
1176,5,3.20
1177,5,2.90
1178,5,2.95
1179,5,2.80
1180,5,2.55
1181,5,2.50
1182,5,2.30
1183,5,2.10
1184,5,1.80
1185,5,1.80
1186,5,2.70
1187,5,2.70
1188,5,2.70
1189,5,2.70
1190,5,2.75
1191,5,2.75
1192,5,2.85
1193,5,2.90
1194,5,2.95
1195,5,4.60
1196,5,2.25
1197,5,2.60
1198,5,2.75
1199,5,3.25
1200,5,3.60
1201,5,3.65
1202,5,3.75
1203,5,6.25
1204,5,3.95
1205,5,1.05
1206,5,2.85
1207,5,2.75
1208,5,2.65
1209,5,2.55
1210,5,2.55
1211,5,2.50
1212,5,2.40
1213,5,2.35
1214,5,2.35
1215,5,2.35
1216,5,2.20
1217,5,2.10
1218,5,1.95
1219,5,1.05
1220,5,2.00
1221,5,2.15
1222,5,2.40
1223,5,2.60
1224,5,1.05
1225,5,3.10
1226,5,3.80
1227,5,3.50
1228,5,3.55
1229,5,3.40
1230,5,3.15
1231,5,3.10
1232,5,2.90
1233,5,2.70
1234,5,2.40
1235,5,2.40
1236,5,3.30
1237,5,3.30
1238,5,3.30
1239,5,3.30
1240,5,3.35
1241,5,3.35
1242,5,3.45
1243,5,3.50
1244,5,3.55
1245,5,5.35
1246,5,2.85
1247,5,3.20
1248,5,3.35
1249,5,3.85
1250,5,4.20
1251,5,3.85
1252,5,4.00
1253,5,6.50
1254,5,4.15
1255,5,3.70
1256,5,2.90
1257,5,2.80
1258,5,2.70
1259,5,2.60
1260,5,2.55
1261,5,2.55
1262,5,2.55
1263,5,2.55
1264,5,2.55
1265,5,2.55
1266,5,2.65
1267,5,2.75
1268,5,2.90
1269,5,3.05
1270,5,3.20
1271,5,3.35
1272,5,3.60
1273,5,3.80
1274,5,3.20
1275,5,3.80
1276,5,3.10
1277,5,1.05
1278,5,3.75
1279,5,1.05
1280,5,1.05
1281,5,1.05
1282,5,1.95
1283,5,2.15
1284,5,2.45
1285,5,2.65
1286,5,3.50
1287,5,3.50
1288,5,3.50
1289,5,3.50
1290,5,3.55
1291,5,3.60
1292,5,3.65
1293,5,3.70
1294,5,3.75
1295,5,6.00
1296,5,4.00
1297,5,4.40
1298,5,4.55
1299,5,1.05
1300,5,1.05
1301,5,3.60
1302,5,3.70
1303,5,6.20
1304,5,3.90
1305,5,3.40
1306,5,2.60
1307,5,2.50
1308,5,2.40
1309,5,2.30
1310,5,2.30
1311,5,2.25
1312,5,2.25
1313,5,2.30
1314,5,2.30
1315,5,2.30
1316,5,2.35
1317,5,2.45
1318,5,2.60
1319,5,2.75
1320,5,2.90
1321,5,3.05
1322,5,3.35
1323,5,3.50
1324,5,2.90
1325,5,3.50
1326,5,1.05
1327,5,3.10
1328,5,3.50
1329,5,1.05
1330,5,1.05
1331,5,1.05
1332,5,1.65
1333,5,1.90
1334,5,2.20
1335,5,2.35
1336,5,3.25
1337,5,3.25
1338,5,3.25
1339,5,3.25
1340,5,3.30
1341,5,3.30
1342,5,3.40
1343,5,3.40
1344,5,3.50
1345,5,5.70
1346,5,3.75
1347,5,4.15
1348,5,4.25
1349,5,1.05
1350,5,1.80
1351,5,1.70
1352,5,1.70
1353,5,4.30
1354,5,2.00
1355,5,3.45
1356,5,2.75
1357,5,2.65
1358,5,2.55
1359,5,2.45
1360,5,2.40
1361,5,2.35
1362,5,2.30
1363,5,2.25
1364,5,2.25
1365,5,2.25
1366,5,2.40
1367,5,2.50
1368,5,2.65
1369,5,2.80
1370,5,2.95
1371,5,3.10
1372,5,3.35
1373,5,3.55
1374,5,2.95
1375,5,3.55
1376,5,3.75
1377,5,3.50
1378,5,3.10
1379,5,3.35
1380,5,3.15
1381,5,3.05
1382,5,2.85
1383,5,2.65
1384,5,2.35
1385,5,2.20
1386,5,1.95
1387,5,1.95
1388,5,1.95
1389,5,1.95
1390,5,1.85
1391,5,1.80
1392,5,1.70
1393,5,1.70
1394,5,1.70
1395,5,5.75
1396,5,3.80
1397,5,4.15
1398,5,4.30
1399,5,3.85
1400,5,4.20
1401,5,3.45
1402,5,3.60
1403,5,6.10
1404,5,3.80
1405,5,3.30
1406,5,2.50
1407,5,2.40
1408,5,2.30
1409,5,2.20
1410,5,2.15
1411,5,2.15
1412,5,2.15
1413,5,2.15
1414,5,2.15
1415,5,2.15
1416,5,2.25
1417,5,2.35
1418,5,2.50
1419,5,2.65
1420,5,2.80
1421,5,2.95
1422,5,3.20
1423,5,3.40
1424,5,2.80
1425,5,3.40
1426,5,1.05
1427,5,1.05
1428,5,3.35
1429,5,3.10
1430,5,1.05
1431,5,1.05
1432,5,1.05
1433,5,1.05
1434,5,2.10
1435,5,2.25
1436,5,3.15
1437,5,3.15
1438,5,3.15
1439,5,3.15
1440,5,3.15
1441,5,3.20
1442,5,3.30
1443,5,3.30
1444,5,3.40
1445,5,5.60
1446,5,3.65
1447,5,4.00
1448,5,4.15
1449,5,1.05
1450,5,1.90
1451,5,3.25
1452,5,3.40
1453,5,5.90
1454,5,3.55
1455,5,3.10
1456,5,2.30
1457,5,2.15
1458,5,2.10
1459,5,2.00
1460,5,1.95
1461,5,1.95
1462,5,1.95
1463,5,1.95
1464,5,1.95
1465,5,1.95
1466,5,2.05
1467,5,2.15
1468,5,2.30
1469,5,2.40
1470,5,2.60
1471,5,2.75
1472,5,3.00
1473,5,3.20
1474,5,2.55
1475,5,3.15
1476,5,1.05
1477,5,1.05
1478,5,3.15
1479,5,1.05
1480,5,3.10
1481,5,1.05
1482,5,1.05
1483,5,1.05
1484,5,1.85
1485,5,2.05
1486,5,2.90
1487,5,2.90
1488,5,2.90
1489,5,2.90
1490,5,2.95
1491,5,3.00
1492,5,3.05
1493,5,3.10
1494,5,3.15
1495,5,5.40
1496,5,3.40
1497,5,3.80
1498,5,3.95
1499,5,1.80
1500,5,2.10
1501,5,3.15
1502,5,3.30
1503,5,5.80
1504,5,3.50
1505,5,3.00
1506,5,2.20
1507,5,2.10
1508,5,2.00
1509,5,1.90
1510,5,1.85
1511,5,1.85
1512,5,1.85
1513,5,1.85
1514,5,1.85
1515,5,1.85
1516,5,1.95
1517,5,2.05
1518,5,2.20
1519,5,2.35
1520,5,2.50
1521,5,2.65
1522,5,2.90
1523,5,3.10
1524,5,2.50
1525,5,3.10
1526,5,1.05
1527,5,1.05
1528,5,3.05
1529,5,1.05
1530,5,1.05
1531,5,3.10
1532,5,1.05
1533,5,1.05
1534,5,1.70
1535,5,1.95
1536,5,2.85
1537,5,2.85
1538,5,2.85
1539,5,2.85
1540,5,2.85
1541,5,2.90
1542,5,2.95
1543,5,3.00
1544,5,3.10
1545,5,5.30
1546,5,3.35
1547,5,3.70
1548,5,3.85
1549,5,1.85
1550,5,2.20
1551,5,2.95
1552,5,3.10
1553,5,5.60
1554,5,3.30
1555,5,2.80
1556,5,2.00
1557,5,1.90
1558,5,1.80
1559,5,1.70
1560,5,1.65
1561,5,1.60
1562,5,1.55
1563,5,1.65
1564,5,1.65
1565,5,1.65
1566,5,1.75
1567,5,1.85
1568,5,2.05
1569,5,2.15
1570,5,2.30
1571,5,2.45
1572,5,2.70
1573,5,2.90
1574,5,2.30
1575,5,2.90
1576,5,1.95
1577,5,1.65
1578,5,2.85
1579,5,1.05
1580,5,1.05
1581,5,1.05
1582,5,3.10
1583,5,1.05
1584,5,1.45
1585,5,1.75
1586,5,2.65
1587,5,2.65
1588,5,2.65
1589,5,2.65
1590,5,2.65
1591,5,2.70
1592,5,2.80
1593,5,2.80
1594,5,2.90
1595,5,5.10
1596,5,3.15
1597,5,3.55
1598,5,3.65
1599,5,2.05
1600,5,2.40
1601,5,2.75
1602,5,2.90
1603,5,5.40
1604,5,3.10
1605,5,2.60
1606,5,1.80
1607,5,1.70
1608,5,1.55
1609,5,1.40
1610,5,1.35
1611,5,1.25
1612,5,1.05
1613,5,1.30
1614,5,1.30
1615,5,1.30
1616,5,1.45
1617,5,1.65
1618,5,1.80
1619,5,1.95
1620,5,2.10
1621,5,2.25
1622,5,2.50
1623,5,2.70
1624,5,2.10
1625,5,2.70
1626,5,2.15
1627,5,1.90
1628,5,2.65
1629,5,1.05
1630,5,1.05
1631,5,1.05
1632,5,1.05
1633,5,3.10
1634,5,1.05
1635,5,1.40
1636,5,2.45
1637,5,2.45
1638,5,2.45
1639,5,2.45
1640,5,2.45
1641,5,2.50
1642,5,2.55
1643,5,2.60
1644,5,2.70
1645,5,4.90
1646,5,2.95
1647,5,3.30
1648,5,3.45
1649,5,2.25
1650,5,2.60
1651,5,2.45
1652,5,2.60
1653,5,5.10
1654,5,2.80
1655,5,2.30
1656,5,1.45
1657,5,1.30
1658,5,1.15
1659,5,1.05
1660,5,1.05
1661,5,1.05
1662,5,1.05
1663,5,1.05
1664,5,1.05
1665,5,1.05
1666,5,1.05
1667,5,1.20
1668,5,1.45
1669,5,1.65
1670,5,1.80
1671,5,2.00
1672,5,2.25
1673,5,2.40
1674,5,1.80
1675,5,2.40
1676,5,2.45
1677,5,2.20
1678,5,2.35
1679,5,2.10
1680,5,1.85
1681,5,1.70
1682,5,1.45
1683,5,1.05
1684,5,3.10
1685,5,1.05
1686,5,2.05
1687,5,2.05
1688,5,2.05
1689,5,2.05
1690,5,2.15
1691,5,2.20
1692,5,2.25
1693,5,2.30
1694,5,2.40
1695,5,4.45
1696,5,2.65
1697,5,3.05
1698,5,3.20
1699,5,2.55
1700,5,2.90
1701,5,2.30
1702,5,2.45
1703,5,4.95
1704,5,2.60
1705,5,2.35
1706,5,1.65
1707,5,1.45
1708,5,1.30
1709,5,1.15
1710,5,1.05
1711,5,1.05
1712,5,1.05
1713,5,1.05
1714,5,1.05
1715,5,1.05
1716,5,1.05
1717,5,1.15
1718,5,1.40
1719,5,1.65
1720,5,1.80
1721,5,2.00
1722,5,2.25
1723,5,2.45
1724,5,1.80
1725,5,2.40
1726,5,2.65
1727,5,2.35
1728,5,2.20
1729,5,2.25
1730,5,2.05
1731,5,1.95
1732,5,1.75
1733,5,1.40
1734,5,1.05
1735,5,3.10
1736,5,1.70
1737,5,1.70
1738,5,1.70
1739,5,1.70
1740,5,1.85
1741,5,1.90
1742,5,2.05
1743,5,2.10
1744,5,2.20
1745,5,4.40
1746,5,2.65
1747,5,3.05
1748,5,3.20
1749,5,2.70
1750,5,3.05
1751,5,2.10
1752,5,2.30
1753,5,4.80
1754,5,2.50
1755,5,3.20
1756,5,2.50
1757,5,2.40
1758,5,2.30
1759,5,2.20
1760,5,2.15
1761,5,2.05
1762,5,1.95
1763,5,1.85
1764,5,1.85
1765,5,1.85
1766,5,2.10
1767,5,2.25
1768,5,2.45
1769,5,2.55
1770,5,2.70
1771,5,2.85
1772,5,3.10
1773,5,3.30
1774,5,2.70
1775,5,3.30
1776,5,3.50
1777,5,3.25
1778,5,1.95
1779,5,3.15
1780,5,2.90
1781,5,2.85
1782,5,2.65
1783,5,2.45
1784,5,2.05
1785,5,1.70
1786,5,3.10
1787,5,1.05
1788,5,1.05
1789,5,1.05
1790,5,1.05
1791,5,1.05
1792,5,1.05
1793,5,1.05
1794,5,1.75
1795,5,5.50
1796,5,3.55
1797,5,3.95
1798,5,4.05
1799,5,3.60
1800,5,3.95
1801,5,2.10
1802,5,2.30
1803,5,4.80
1804,5,2.50
1805,5,3.20
1806,5,2.50
1807,5,2.40
1808,5,2.30
1809,5,2.20
1810,5,2.15
1811,5,2.05
1812,5,1.95
1813,5,1.85
1814,5,1.85
1815,5,1.85
1816,5,2.10
1817,5,2.25
1818,5,2.45
1819,5,2.55
1820,5,2.70
1821,5,2.85
1822,5,3.10
1823,5,3.30
1824,5,2.70
1825,5,3.30
1826,5,3.50
1827,5,3.25
1828,5,1.95
1829,5,3.15
1830,5,2.90
1831,5,2.85
1832,5,2.65
1833,5,2.45
1834,5,2.05
1835,5,1.70
1836,5,1.05
1837,5,3.10
1838,5,1.05
1839,5,1.05
1840,5,1.05
1841,5,1.05
1842,5,1.05
1843,5,1.05
1844,5,1.75
1845,5,5.50
1846,5,3.55
1847,5,3.95
1848,5,4.05
1849,5,3.60
1850,5,3.95
1851,5,2.10
1852,5,2.30
1853,5,4.80
1854,5,2.50
1855,5,3.20
1856,5,2.50
1857,5,2.40
1858,5,2.30
1859,5,2.20
1860,5,2.15
1861,5,2.05
1862,5,1.95
1863,5,1.85
1864,5,1.85
1865,5,1.85
1866,5,2.10
1867,5,2.25
1868,5,2.45
1869,5,2.55
1870,5,2.70
1871,5,2.85
1872,5,3.10
1873,5,3.30
1874,5,2.70
1875,5,3.30
1876,5,3.50
1877,5,3.25
1878,5,1.95
1879,5,3.15
1880,5,2.90
1881,5,2.85
1882,5,2.65
1883,5,2.45
1884,5,2.05
1885,5,1.70
1886,5,1.05
1887,5,1.05
1888,5,3.10
1889,5,1.05
1890,5,1.05
1891,5,1.05
1892,5,1.05
1893,5,1.05
1894,5,1.75
1895,5,5.50
1896,5,3.55
1897,5,3.95
1898,5,4.05
1899,5,3.60
1900,5,3.95
1901,5,2.10
1902,5,2.30
1903,5,4.80
1904,5,2.50
1905,5,3.20
1906,5,2.50
1907,5,2.40
1908,5,2.30
1909,5,2.20
1910,5,2.15
1911,5,2.05
1912,5,1.95
1913,5,1.85
1914,5,1.85
1915,5,1.85
1916,5,2.10
1917,5,2.25
1918,5,2.45
1919,5,2.55
1920,5,2.70
1921,5,2.85
1922,5,3.10
1923,5,3.30
1924,5,2.70
1925,5,3.30
1926,5,3.50
1927,5,3.25
1928,5,1.95
1929,5,3.15
1930,5,2.90
1931,5,2.85
1932,5,2.65
1933,5,2.45
1934,5,2.05
1935,5,1.70
1936,5,1.05
1937,5,1.05
1938,5,1.05
1939,5,3.10
1940,5,1.05
1941,5,1.05
1942,5,1.05
1943,5,1.05
1944,5,1.75
1945,5,5.50
1946,5,3.55
1947,5,3.95
1948,5,4.05
1949,5,3.60
1950,5,3.95
1951,5,2.00
1952,5,2.20
1953,5,4.80
1954,5,2.45
1955,5,3.25
1956,5,2.55
1957,5,2.45
1958,5,2.35
1959,5,2.25
1960,5,2.20
1961,5,2.15
1962,5,2.05
1963,5,1.95
1964,5,1.95
1965,5,1.95
1966,5,2.20
1967,5,2.30
1968,5,2.45
1969,5,2.60
1970,5,2.75
1971,5,2.90
1972,5,3.15
1973,5,3.35
1974,5,2.75
1975,5,3.35
1976,5,3.55
1977,5,3.30
1978,5,1.85
1979,5,3.15
1980,5,2.95
1981,5,2.85
1982,5,2.65
1983,5,2.45
1984,5,2.15
1985,5,1.85
1986,5,1.05
1987,5,1.05
1988,5,1.05
1989,5,1.05
1990,5,3.10
1991,5,1.05
1992,5,1.05
1993,5,1.05
1994,5,1.65
1995,5,5.55
1996,5,3.60
1997,5,3.95
1998,5,4.10
1999,5,3.65
2000,5,4.00
2001,5,1.95
2002,5,2.15
2003,5,4.75
2004,5,2.45
2005,5,3.25
2006,5,2.60
2007,5,2.45
2008,5,2.35
2009,5,2.25
2010,5,2.25
2011,5,2.20
2012,5,2.10
2013,5,2.00
2014,5,2.00
2015,5,2.00
2016,5,2.25
2017,5,2.35
2018,5,2.50
2019,5,2.60
2020,5,2.75
2021,5,2.95
2022,5,3.20
2023,5,3.35
2024,5,2.75
2025,5,3.35
2026,5,3.60
2027,5,3.30
2028,5,1.80
2029,5,3.20
2030,5,3.00
2031,5,2.90
2032,5,2.70
2033,5,2.50
2034,5,2.20
2035,5,1.90
2036,5,1.05
2037,5,1.05
2038,5,1.05
2039,5,1.05
2040,5,1.05
2041,5,3.10
2042,5,1.05
2043,5,1.05
2044,5,1.65
2045,5,5.60
2046,5,3.60
2047,5,4.00
2048,5,4.15
2049,5,3.65
2050,5,4.00
2051,5,1.80
2052,5,2.05
2053,5,4.60
2054,5,2.30
2055,5,3.35
2056,5,2.65
2057,5,2.55
2058,5,2.45
2059,5,2.35
2060,5,2.30
2061,5,2.25
2062,5,2.20
2063,5,2.15
2064,5,2.15
2065,5,2.15
2066,5,2.30
2067,5,2.40
2068,5,2.55
2069,5,2.70
2070,5,2.85
2071,5,3.00
2072,5,3.25
2073,5,3.45
2074,5,2.85
2075,5,3.45
2076,5,3.65
2077,5,3.40
2078,5,1.70
2079,5,3.30
2080,5,3.05
2081,5,2.95
2082,5,2.80
2083,5,2.55
2084,5,2.25
2085,5,2.05
2086,5,1.05
2087,5,1.05
2088,5,1.05
2089,5,1.05
2090,5,1.05
2091,5,1.05
2092,5,3.10
2093,5,1.05
2094,5,1.65
2095,5,5.65
2096,5,3.70
2097,5,4.10
2098,5,4.20
2099,5,3.75
2100,5,4.10
2101,5,1.70
2102,5,1.95
2103,5,4.55
2104,5,2.25
2105,5,3.40
2106,5,2.70
2107,5,2.60
2108,5,2.50
2109,5,2.40
2110,5,2.35
2111,5,2.30
2112,5,2.25
2113,5,2.20
2114,5,2.20
2115,5,2.20
2116,5,2.35
2117,5,2.45
2118,5,2.60
2119,5,2.75
2120,5,2.90
2121,5,3.05
2122,5,3.30
2123,5,3.50
2124,5,2.90
2125,5,3.50
2126,5,3.70
2127,5,3.40
2128,5,1.70
2129,5,3.30
2130,5,3.10
2131,5,3.00
2132,5,2.80
2133,5,2.60
2134,5,2.30
2135,5,2.10
2136,5,1.05
2137,5,1.05
2138,5,1.05
2139,5,1.05
2140,5,1.05
2141,5,1.05
2142,5,1.05
2143,5,3.10
2144,5,1.65
2145,5,5.70
2146,5,3.70
2147,5,4.10
2148,5,4.25
2149,5,3.80
2150,5,4.15
2151,5,1.70
2152,5,1.70
2153,5,4.40
2154,5,2.10
2155,5,3.45
2156,5,2.75
2157,5,2.65
2158,5,2.55
2159,5,2.45
2160,5,2.40
2161,5,2.40
2162,5,2.30
2163,5,2.25
2164,5,2.25
2165,5,2.25
2166,5,2.40
2167,5,2.50
2168,5,2.65
2169,5,2.80
2170,5,2.95
2171,5,3.10
2172,5,3.40
2173,5,3.55
2174,5,2.95
2175,5,3.55
2176,5,3.75
2177,5,3.50
2178,5,1.70
2179,5,3.40
2180,5,3.15
2181,5,3.10
2182,5,2.90
2183,5,2.70
2184,5,2.40
2185,5,2.20
2186,5,1.75
2187,5,1.75
2188,5,1.75
2189,5,1.75
2190,5,1.65
2191,5,1.65
2192,5,1.65
2193,5,1.65
2194,5,3.10
2195,5,5.75
2196,5,3.80
2197,5,4.20
2198,5,4.30
2199,5,3.85
2200,5,4.20
2201,5,5.85
2202,5,6.00
2203,5,8.50
2204,5,6.15
2205,5,5.25
2206,5,5.05
2207,5,4.95
2208,5,4.85
2209,5,4.70
2210,5,4.65
2211,5,4.55
2212,5,4.45
2213,5,4.30
2214,5,4.30
2215,5,4.30
2216,5,4.30
2217,5,3.25
2218,5,4.30
2219,5,4.30
2220,5,4.60
2221,5,4.85
2222,5,5.20
2223,5,5.35
2224,5,4.60
2225,5,5.35
2226,5,6.00
2227,5,5.70
2228,5,5.75
2229,5,5.60
2230,5,5.40
2231,5,5.30
2232,5,5.10
2233,5,4.90
2234,5,4.45
2235,5,4.40
2236,5,5.50
2237,5,5.50
2238,5,5.50
2239,5,5.50
2240,5,5.55
2241,5,5.60
2242,5,5.65
2243,5,5.70
2244,5,5.75
2245,5,3.10
2246,5,5.60
2247,5,6.00
2248,5,6.15
2249,5,6.10
2250,5,6.40
2251,5,3.90
2252,5,4.00
2253,5,6.50
2254,5,4.20
2255,5,2.75
2256,5,3.10
2257,5,3.00
2258,5,2.90
2259,5,2.80
2260,5,2.80
2261,5,2.75
2262,5,2.65
2263,5,2.60
2264,5,2.60
2265,5,2.60
2266,5,2.45
2267,5,2.35
2268,5,2.20
2269,5,2.10
2270,5,1.95
2271,5,1.05
2272,5,1.05
2273,5,1.05
2274,5,2.25
2275,5,2.85
2276,5,4.00
2277,5,3.75
2278,5,3.80
2279,5,3.65
2280,5,3.40
2281,5,3.35
2282,5,3.15
2283,5,2.95
2284,5,2.65
2285,5,2.65
2286,5,3.55
2287,5,3.55
2288,5,3.55
2289,5,3.55
2290,5,3.60
2291,5,3.60
2292,5,3.70
2293,5,3.70
2294,5,3.80
2295,5,5.60
2296,5,3.10
2297,5,1.25
2298,5,1.50
2299,5,4.10
2300,5,4.45
2301,5,4.25
2302,5,4.40
2303,5,6.90
2304,5,4.60
2305,5,3.15
2306,5,3.50
2307,5,3.40
2308,5,3.30
2309,5,3.20
2310,5,3.15
2311,5,3.10
2312,5,3.05
2313,5,3.00
2314,5,3.00
2315,5,3.00
2316,5,2.85
2317,5,2.75
2318,5,2.60
2319,5,2.45
2320,5,2.30
2321,5,2.15
2322,5,1.90
2323,5,1.65
2324,5,2.60
2325,5,3.20
2326,5,4.40
2327,5,4.15
2328,5,4.15
2329,5,4.00
2330,5,3.80
2331,5,3.70
2332,5,3.55
2333,5,3.30
2334,5,3.05
2335,5,3.05
2336,5,3.95
2337,5,3.95
2338,5,3.95
2339,5,3.95
2340,5,3.95
2341,5,4.00
2342,5,4.10
2343,5,4.10
2344,5,4.20
2345,5,6.00
2346,5,1.25
2347,5,3.10
2348,5,1.05
2349,5,4.50
2350,5,4.85
2351,5,4.40
2352,5,4.55
2353,5,7.05
2354,5,4.70
2355,5,3.25
2356,5,3.65
2357,5,3.50
2358,5,3.40
2359,5,3.30
2360,5,3.30
2361,5,3.25
2362,5,3.20
2363,5,3.15
2364,5,3.15
2365,5,3.15
2366,5,3.00
2367,5,2.90
2368,5,2.75
2369,5,2.60
2370,5,2.45
2371,5,2.30
2372,5,2.05
2373,5,1.85
2374,5,2.75
2375,5,3.35
2376,5,4.55
2377,5,4.25
2378,5,4.30
2379,5,4.15
2380,5,3.95
2381,5,3.85
2382,5,3.65
2383,5,3.45
2384,5,3.20
2385,5,3.20
2386,5,4.05
2387,5,4.05
2388,5,4.05
2389,5,4.05
2390,5,4.10
2391,5,4.15
2392,5,4.20
2393,5,4.25
2394,5,4.30
2395,5,6.15
2396,5,1.50
2397,5,1.05
2398,5,3.10
2399,5,4.65
2400,5,4.95
2401,5,3.95
2402,5,4.10
2403,5,6.60
2404,5,4.25
2405,5,3.75
2406,5,3.00
2407,5,2.85
2408,5,2.80
2409,5,2.70
2410,5,2.65
2411,5,2.65
2412,5,2.65
2413,5,2.65
2414,5,2.65
2415,5,2.65
2416,5,2.75
2417,5,2.85
2418,5,3.00
2419,5,3.10
2420,5,3.25
2421,5,3.45
2422,5,3.70
2423,5,3.85
2424,5,3.25
2425,5,3.85
2426,5,1.05
2427,5,1.05
2428,5,3.85
2429,5,1.05
2430,5,1.80
2431,5,1.85
2432,5,2.05
2433,5,2.25
2434,5,2.55
2435,5,2.70
2436,5,3.60
2437,5,3.60
2438,5,3.60
2439,5,3.60
2440,5,3.65
2441,5,3.65
2442,5,3.75
2443,5,3.80
2444,5,3.85
2445,5,6.10
2446,5,4.10
2447,5,4.50
2448,5,4.65
2449,5,3.10
2450,5,1.05
2451,5,4.30
2452,5,4.40
2453,5,6.90
2454,5,4.60
2455,5,4.10
2456,5,3.30
2457,5,3.20
2458,5,3.10
2459,5,3.00
2460,5,3.00
2461,5,2.95
2462,5,2.95
2463,5,3.00
2464,5,3.00
2465,5,3.00
2466,5,3.05
2467,5,3.15
2468,5,3.35
2469,5,3.45
2470,5,3.60
2471,5,3.75
2472,5,4.05
2473,5,4.20
2474,5,3.60
2475,5,4.20
2476,5,1.05
2477,5,1.80
2478,5,4.20
2479,5,1.90
2480,5,2.10
2481,5,2.20
2482,5,2.40
2483,5,2.60
2484,5,2.90
2485,5,3.05
2486,5,3.95
2487,5,3.95
2488,5,3.95
2489,5,3.95
2490,5,4.00
2491,5,4.00
2492,5,4.10
2493,5,4.15
2494,5,4.20
2495,5,6.40
2496,5,4.45
2497,5,4.85
2498,5,4.95
2499,5,1.05
2500,5,3.10
1,2,2.30
2,2,1.25
3,2,3.05
4,2,1.25
5,2,2.65
6,2,2.10
7,2,2.05
8,2,1.95
9,2,1.90
10,2,1.85
11,2,1.85
12,2,1.80
13,2,1.75
14,2,1.75
15,2,1.75
16,2,1.85
17,2,1.95
18,2,2.05
19,2,2.15
20,2,2.25
21,2,2.40
22,2,2.60
23,2,2.70
24,2,2.25
25,2,2.70
26,2,2.90
27,2,2.70
28,2,1.25
29,2,2.60
30,2,2.40
31,2,2.35
32,2,2.20
33,2,2.05
34,2,1.85
35,2,1.70
36,2,1.55
37,2,1.55
38,2,1.55
39,2,1.55
40,2,1.50
41,2,1.45
42,2,1.35
43,2,1.25
44,2,1.25
45,2,4.35
46,2,2.90
47,2,3.20
48,2,3.30
49,2,2.95
50,2,3.20
51,2,1.25
52,2,2.30
53,2,3.05
54,2,1.25
55,2,2.75
56,2,2.25
57,2,2.15
58,2,2.10
59,2,2.00
60,2,2.00
61,2,1.95
62,2,1.90
63,2,1.85
64,2,1.85
65,2,1.85
66,2,1.95
67,2,2.05
68,2,2.15
69,2,2.25
70,2,2.40
71,2,2.50
72,2,2.70
73,2,2.85
74,2,2.40
75,2,2.80
76,2,3.00
77,2,2.75
78,2,1.25
79,2,2.70
80,2,2.55
81,2,2.45
82,2,2.30
83,2,2.15
84,2,1.95
85,2,1.80
86,2,1.70
87,2,1.70
88,2,1.70
89,2,1.70
90,2,1.65
91,2,1.60
92,2,1.50
93,2,1.45
94,2,1.25
95,2,4.50
96,2,3.00
97,2,3.30
98,2,3.40
99,2,3.05
100,2,3.30
101,2,3.05
102,2,3.05
103,2,2.30
104,2,1.80
105,2,4.65
106,2,4.10
107,2,4.00
108,2,3.95
109,2,3.90
110,2,3.85
111,2,3.80
112,2,3.75
113,2,3.75
114,2,3.75
115,2,3.75
116,2,3.85
117,2,3.90
118,2,4.05
119,2,4.15
120,2,4.25
121,2,4.35
122,2,4.55
123,2,4.70
124,2,4.25
125,2,4.70
126,2,4.85
127,2,4.65
128,2,3.20
129,2,4.55
130,2,4.40
131,2,4.35
132,2,4.20
133,2,4.05
134,2,3.80
135,2,3.70
136,2,3.60
137,2,3.60
138,2,3.60
139,2,3.60
140,2,3.60
141,2,3.55
142,2,3.45
143,2,3.40
144,2,3.30
145,2,6.35
146,2,4.85
147,2,5.15
148,2,5.25
149,2,4.95
150,2,5.15
151,2,1.25
152,2,1.25
153,2,1.80
154,2,2.30
155,2,2.90
156,2,2.35
157,2,2.25
158,2,2.20
159,2,2.15
160,2,2.10
161,2,2.10
162,2,2.00
163,2,2.00
164,2,2.00
165,2,2.00
166,2,2.10
167,2,2.15
168,2,2.30
169,2,2.40
170,2,2.50
171,2,2.60
172,2,2.85
173,2,2.95
174,2,2.50
175,2,2.95
176,2,3.10
177,2,2.90
178,2,1.50
179,2,2.85
180,2,2.65
181,2,2.60
182,2,2.45
183,2,2.30
184,2,2.10
185,2,1.95
186,2,1.85
187,2,1.85
188,2,1.85
189,2,1.85
190,2,1.85
191,2,1.80
192,2,1.70
193,2,1.65
194,2,1.55
195,2,4.60
196,2,3.15
197,2,3.45
198,2,3.50
199,2,3.20
200,2,3.45
201,2,2.65
202,2,2.75
203,2,4.65
204,2,2.90
205,2,2.30
206,2,2.05
207,2,2.00
208,2,1.90
209,2,1.85
210,2,1.80
211,2,1.80
212,2,1.70
213,2,1.70
214,2,1.70
215,2,1.70
216,2,1.60
217,2,1.50
218,2,1.40
219,2,0.75
220,2,1.40
221,2,1.55
222,2,1.70
223,2,1.85
224,2,0.75
225,2,0.75
226,2,2.75
227,2,2.55
228,2,2.55
229,2,2.45
230,2,2.30
231,2,2.25
232,2,2.10
233,2,1.95
234,2,1.70
235,2,1.75
236,2,2.40
237,2,2.40
238,2,2.40
239,2,2.40
240,2,2.40
241,2,2.45
242,2,2.50
243,2,2.55
244,2,2.60
245,2,3.95
246,2,2.05
247,2,2.35
248,2,2.45
249,2,2.80
250,2,3.05
251,2,2.10
252,2,2.25
253,2,4.10
254,2,2.35
255,2,2.05
256,2,2.30
257,2,0.75
258,2,0.75
259,2,0.75
260,2,0.75
261,2,0.75
262,2,1.05
263,2,1.15
264,2,1.15
265,2,1.15
266,2,1.25
267,2,1.35
268,2,1.50
269,2,1.55
270,2,1.70
271,2,1.80
272,2,2.00
273,2,2.15
274,2,1.70
275,2,2.15
276,2,2.15
277,2,1.95
278,2,2.05
279,2,1.85
280,2,1.70
281,2,1.65
282,2,1.50
283,2,1.35
284,2,1.10
285,2,1.20
286,2,1.85
287,2,1.85
288,2,1.85
289,2,1.85
290,2,1.90
291,2,1.95
292,2,1.95
293,2,2.00
294,2,2.05
295,2,3.80
296,2,2.30
297,2,2.60
298,2,2.70
299,2,2.25
300,2,2.45
301,2,2.05
302,2,2.15
303,2,4.00
304,2,2.25
305,2,2.00
306,2,0.75
307,2,2.30
308,2,0.75
309,2,0.75
310,2,0.75
311,2,0.75
312,2,0.90
313,2,1.00
314,2,1.00
315,2,1.00
316,2,1.20
317,2,1.25
318,2,1.40
319,2,1.50
320,2,1.60
321,2,1.70
322,2,1.90
323,2,2.05
324,2,1.60
325,2,2.05
326,2,2.10
327,2,1.85
328,2,1.95
329,2,1.80
330,2,1.60
331,2,1.55
332,2,1.40
333,2,1.25
334,2,0.95
335,2,1.10
336,2,1.80
337,2,1.80
338,2,1.80
339,2,1.80
340,2,1.80
341,2,1.85
342,2,1.90
343,2,1.95
344,2,1.95
345,2,3.70
346,2,2.25
347,2,2.55
348,2,2.60
349,2,2.15
350,2,2.40
351,2,1.95
352,2,2.10
353,2,3.95
354,2,2.20
355,2,1.90
356,2,0.75
357,2,0.75
358,2,2.30
359,2,0.75
360,2,0.75
361,2,0.75
362,2,0.80
363,2,0.90
364,2,0.90
365,2,0.90
366,2,1.10
367,2,1.20
368,2,1.35
369,2,1.40
370,2,1.55
371,2,1.65
372,2,1.85
373,2,2.00
374,2,1.55
375,2,2.00
376,2,2.00
377,2,1.80
378,2,1.90
379,2,1.70
380,2,1.55
381,2,1.50
382,2,1.35
383,2,1.15
384,2,0.85
385,2,0.95
386,2,1.70
387,2,1.70
388,2,1.70
389,2,1.70
390,2,1.75
391,2,1.75
392,2,1.85
393,2,1.85
394,2,1.90
395,2,3.65
396,2,2.15
397,2,2.45
398,2,2.55
399,2,2.10
400,2,2.30
401,2,1.90
402,2,2.00
403,2,3.90
404,2,2.15
405,2,1.85
406,2,0.75
407,2,0.75
408,2,0.75
409,2,2.30
410,2,0.75
411,2,0.75
412,2,0.75
413,2,0.75
414,2,0.75
415,2,0.75
416,2,0.95
417,2,1.10
418,2,1.25
419,2,1.35
420,2,1.45
421,2,1.55
422,2,1.80
423,2,1.90
424,2,1.45
425,2,1.90
426,2,1.95
427,2,1.70
428,2,1.80
429,2,1.65
430,2,1.50
431,2,1.40
432,2,1.25
433,2,1.05
434,2,0.75
435,2,0.85
436,2,1.65
437,2,1.65
438,2,1.65
439,2,1.65
440,2,1.65
441,2,1.70
442,2,1.75
443,2,1.80
444,2,1.85
445,2,3.50
446,2,2.10
447,2,2.40
448,2,2.45
449,2,2.00
450,2,2.25
451,2,1.85
452,2,2.00
453,2,3.85
454,2,2.10
455,2,1.80
456,2,0.75
457,2,0.75
458,2,0.75
459,2,0.75
460,2,2.30
461,2,0.75
462,2,0.75
463,2,0.75
464,2,0.75
465,2,0.75
466,2,0.90
467,2,1.05
468,2,1.25
469,2,1.35
470,2,1.45
471,2,1.55
472,2,1.75
473,2,1.90
474,2,1.45
475,2,1.90
476,2,1.90
477,2,1.70
478,2,1.80
479,2,1.60
480,2,1.45
481,2,1.40
482,2,1.25
483,2,1.00
484,2,0.75
485,2,0.80
486,2,1.60
487,2,1.60
488,2,1.60
489,2,1.60
490,2,1.65
491,2,1.65
492,2,1.70
493,2,1.75
494,2,1.80
495,2,3.45
496,2,2.10
497,2,2.35
498,2,2.45
499,2,1.95
500,2,2.25
501,2,1.85
502,2,1.95
503,2,3.80
504,2,2.10
505,2,1.80
506,2,0.75
507,2,0.75
508,2,0.75
509,2,0.75
510,2,0.75
511,2,2.30
512,2,0.75
513,2,0.75
514,2,0.75
515,2,0.75
516,2,0.85
517,2,0.95
518,2,1.15
519,2,1.30
520,2,1.40
521,2,1.50
522,2,1.70
523,2,1.85
524,2,1.40
525,2,1.85
526,2,1.90
527,2,1.70
528,2,1.75
529,2,1.60
530,2,1.45
531,2,1.35
532,2,1.20
533,2,0.90
534,2,0.75
535,2,0.75
536,2,1.55
537,2,1.55
538,2,1.55
539,2,1.55
540,2,1.60
541,2,1.65
542,2,1.70
543,2,1.70
544,2,1.80
545,2,3.40
546,2,2.05
547,2,2.30
548,2,2.45
549,2,1.95
550,2,2.20
551,2,1.80
552,2,1.90
553,2,3.75
554,2,2.00
555,2,1.70
556,2,1.05
557,2,0.90
558,2,0.80
559,2,0.75
560,2,0.75
561,2,0.75
562,2,2.30
563,2,0.75
564,2,0.75
565,2,0.75
566,2,0.75
567,2,0.90
568,2,1.05
569,2,1.20
570,2,1.35
571,2,1.50
572,2,1.65
573,2,1.80
574,2,1.35
575,2,1.80
576,2,1.90
577,2,1.70
578,2,1.70
579,2,1.60
580,2,1.45
581,2,1.35
582,2,1.15
583,2,0.75
584,2,0.75
585,2,0.75
586,2,1.45
587,2,1.45
588,2,1.45
589,2,1.45
590,2,1.50
591,2,1.55
592,2,1.65
593,2,1.65
594,2,1.70
595,2,3.30
596,2,2.00
597,2,2.25
598,2,2.40
599,2,1.95
600,2,2.20
601,2,1.75
602,2,1.85
603,2,3.75
604,2,2.00
605,2,1.70
606,2,1.15
607,2,1.00
608,2,0.90
609,2,0.75
610,2,0.75
611,2,0.75
612,2,0.75
613,2,2.30
614,2,0.75
615,2,0.75
616,2,0.75
617,2,0.75
618,2,1.00
619,2,1.15
620,2,1.30
621,2,1.45
622,2,1.65
623,2,1.80
624,2,1.30
625,2,1.75
626,2,1.90
627,2,1.70
628,2,1.65
629,2,1.60
630,2,1.45
631,2,1.40
632,2,1.20
633,2,0.95
634,2,0.75
635,2,0.75
636,2,1.35
637,2,1.35
638,2,1.35
639,2,1.35
640,2,1.45
641,2,1.50
642,2,1.60
643,2,1.65
644,2,1.70
645,2,3.20
646,2,1.95
647,2,2.25
648,2,2.35
649,2,1.95
650,2,2.25
651,2,1.75
652,2,1.85
653,2,3.75
654,2,2.00
655,2,1.70
656,2,1.15
657,2,1.00
658,2,0.90
659,2,0.75
660,2,0.75
661,2,0.75
662,2,0.75
663,2,0.75
664,2,2.30
665,2,0.75
666,2,0.75
667,2,0.75
668,2,1.00
669,2,1.15
670,2,1.30
671,2,1.45
672,2,1.65
673,2,1.80
674,2,1.30
675,2,1.75
676,2,1.90
677,2,1.70
678,2,1.65
679,2,1.60
680,2,1.45
681,2,1.40
682,2,1.20
683,2,0.95
684,2,0.75
685,2,0.75
686,2,1.35
687,2,1.35
688,2,1.35
689,2,1.35
690,2,1.45
691,2,1.50
692,2,1.60
693,2,1.65
694,2,1.70
695,2,3.20
696,2,1.95
697,2,2.25
698,2,2.35
699,2,1.95
700,2,2.25
701,2,1.75
702,2,1.85
703,2,3.75
704,2,2.00
705,2,1.70
706,2,1.15
707,2,1.00
708,2,0.90
709,2,0.75
710,2,0.75
711,2,0.75
712,2,0.75
713,2,0.75
714,2,0.75
715,2,2.30
716,2,0.75
717,2,0.75
718,2,1.00
719,2,1.15
720,2,1.30
721,2,1.45
722,2,1.65
723,2,1.80
724,2,1.30
725,2,1.75
726,2,1.90
727,2,1.70
728,2,1.65
729,2,1.60
730,2,1.45
731,2,1.40
732,2,1.20
733,2,0.95
734,2,0.75
735,2,0.75
736,2,1.35
737,2,1.35
738,2,1.35
739,2,1.35
740,2,1.45
741,2,1.50
742,2,1.60
743,2,1.65
744,2,1.70
745,2,3.20
746,2,1.95
747,2,2.25
748,2,2.35
749,2,1.95
750,2,2.25
751,2,1.85
752,2,1.95
753,2,3.85
754,2,2.10
755,2,1.60
756,2,1.25
757,2,1.20
758,2,1.10
759,2,0.95
760,2,0.90
761,2,0.85
762,2,0.75
763,2,0.75
764,2,0.75
765,2,0.75
766,2,2.30
767,2,0.75
768,2,0.75
769,2,0.95
770,2,1.15
771,2,1.35
772,2,1.55
773,2,1.65
774,2,1.15
775,2,1.65
776,2,1.95
777,2,1.75
778,2,1.80
779,2,1.70
780,2,1.50
781,2,1.45
782,2,1.30
783,2,1.10
784,2,0.80
785,2,0.75
786,2,1.55
787,2,1.55
788,2,1.55
789,2,1.55
790,2,1.65
791,2,1.65
792,2,1.70
793,2,1.75
794,2,1.80
795,2,3.20
796,2,1.85
797,2,2.15
798,2,2.25
799,2,2.05
800,2,2.30
801,2,1.95
802,2,2.05
803,2,3.90
804,2,2.15
805,2,1.50
806,2,1.35
807,2,1.25
808,2,1.20
809,2,1.10
810,2,1.05
811,2,0.95
812,2,0.90
813,2,0.75
814,2,0.75
815,2,0.75
816,2,0.75
817,2,2.30
818,2,0.75
819,2,0.75
820,2,1.00
821,2,1.20
822,2,1.45
823,2,1.60
824,2,1.00
825,2,1.55
826,2,2.05
827,2,1.85
828,2,1.85
829,2,1.75
830,2,1.60
831,2,1.55
832,2,1.40
833,2,1.25
834,2,0.90
835,2,0.85
836,2,1.65
837,2,1.65
838,2,1.65
839,2,1.65
840,2,1.70
841,2,1.75
842,2,1.80
843,2,1.80
844,2,1.85
845,2,2.40
846,2,1.75
847,2,2.05
848,2,2.15
849,2,2.10
850,2,2.35
851,2,2.05
852,2,2.15
853,2,4.05
854,2,2.30
855,2,1.40
856,2,1.50
857,2,1.40
858,2,1.35
859,2,1.25
860,2,1.25
861,2,1.15
862,2,1.05
863,2,1.00
864,2,1.00
865,2,1.00
866,2,0.75
867,2,0.75
868,2,2.30
869,2,0.75
870,2,0.75
871,2,1.00
872,2,1.30
873,2,1.45
874,2,0.75
875,2,1.45
876,2,2.15
877,2,1.95
878,2,2.00
879,2,1.85
880,2,1.70
881,2,1.65
882,2,1.50
883,2,1.35
884,2,1.10
885,2,1.05
886,2,1.80
887,2,1.80
888,2,1.80
889,2,1.80
890,2,1.85
891,2,1.85
892,2,1.90
893,2,1.95
894,2,2.00
895,2,3.20
896,2,1.65
897,2,1.95
898,2,2.05
899,2,2.25
900,2,2.50
901,2,2.15
902,2,2.25
903,2,4.15
904,2,2.40
905,2,0.75
906,2,1.55
907,2,1.50
908,2,1.40
909,2,1.35
910,2,1.35
911,2,1.30
912,2,1.20
913,2,1.15
914,2,1.15
915,2,1.15
916,2,0.95
917,2,0.75
918,2,0.75
919,2,2.30
920,2,0.75
921,2,0.75
922,2,0.75
923,2,0.75
924,2,0.75
925,2,0.75
926,2,2.25
927,2,2.05
928,2,2.10
929,2,1.95
930,2,1.80
931,2,1.75
932,2,1.60
933,2,1.45
934,2,1.20
935,2,1.20
936,2,1.90
937,2,1.90
938,2,1.90
939,2,1.90
940,2,1.95
941,2,1.95
942,2,2.00
943,2,2.05
944,2,2.10
945,2,3.20
946,2,1.55
947,2,1.85
948,2,1.95
949,2,2.30
950,2,2.60
951,2,2.25
952,2,2.40
953,2,4.25
954,2,2.50
955,2,1.40
956,2,1.70
957,2,1.60
958,2,1.55
959,2,1.45
960,2,1.45
961,2,1.40
962,2,1.35
963,2,1.30
964,2,1.30
965,2,1.30
966,2,1.15
967,2,1.00
968,2,0.75
969,2,0.75
970,2,2.30
971,2,0.75
972,2,0.75
973,2,0.75
974,2,0.75
975,2,1.50
976,2,2.40
977,2,2.15
978,2,2.20
979,2,2.10
980,2,1.95
981,2,1.85
982,2,1.70
983,2,1.55
984,2,1.35
985,2,1.35
986,2,2.00
987,2,2.00
988,2,2.00
989,2,2.00
990,2,2.05
991,2,2.05
992,2,2.10
993,2,2.15
994,2,2.20
995,2,3.45
996,2,1.45
997,2,1.70
998,2,1.85
999,2,2.45
1000,2,2.70
1001,2,2.40
1002,2,2.50
1003,2,4.35
1004,2,2.60
1005,2,1.55
1006,2,1.80
1007,2,1.70
1008,2,1.65
1009,2,1.55
1010,2,1.55
1011,2,1.50
1012,2,1.50
1013,2,1.45
1014,2,1.45
1015,2,1.45
1016,2,1.35
1017,2,1.20
1018,2,1.00
1019,2,0.75
1020,2,0.75
1021,2,2.30
1022,2,0.75
1023,2,0.75
1024,2,1.05
1025,2,1.60
1026,2,2.50
1027,2,2.30
1028,2,2.30
1029,2,2.20
1030,2,2.05
1031,2,2.00
1032,2,1.85
1033,2,1.70
1034,2,1.50
1035,2,1.50
1036,2,2.15
1037,2,2.15
1038,2,2.15
1039,2,2.15
1040,2,2.15
1041,2,2.20
1042,2,2.25
1043,2,2.25
1044,2,2.30
1045,2,3.65
1046,2,0.75
1047,2,1.60
1048,2,1.70
1049,2,2.55
1050,2,2.80
1051,2,2.60
1052,2,2.70
1053,2,4.55
1054,2,2.85
1055,2,1.70
1056,2,2.00
1057,2,1.90
1058,2,1.85
1059,2,1.80
1060,2,1.75
1061,2,1.70
1062,2,1.65
1063,2,1.65
1064,2,1.65
1065,2,1.65
1066,2,1.55
1067,2,1.45
1068,2,1.30
1069,2,0.75
1070,2,0.75
1071,2,0.75
1072,2,2.30
1073,2,0.75
1074,2,1.35
1075,2,1.80
1076,2,2.70
1077,2,2.50
1078,2,2.50
1079,2,2.40
1080,2,2.25
1081,2,2.15
1082,2,2.00
1083,2,1.85
1084,2,1.65
1085,2,1.65
1086,2,2.30
1087,2,2.30
1088,2,2.30
1089,2,2.30
1090,2,2.35
1091,2,2.40
1092,2,2.45
1093,2,2.45
1094,2,2.55
1095,2,3.90
1096,2,0.75
1097,2,1.40
1098,2,1.50
1099,2,2.75
1100,2,3.00
1101,2,2.70
1102,2,2.85
1103,2,4.70
1104,2,2.95
1105,2,1.85
1106,2,2.15
1107,2,2.05
1108,2,2.00
1109,2,1.90
1110,2,1.90
1111,2,1.85
1112,2,1.80
1113,2,1.80
1114,2,1.80
1115,2,1.80
1116,2,1.65
1117,2,1.60
1118,2,1.45
1119,2,0.75
1120,2,0.75
1121,2,0.75
1122,2,0.75
1123,2,2.30
1124,2,1.50
1125,2,1.95
1126,2,2.85
1127,2,2.60
1128,2,2.65
1129,2,2.55
1130,2,2.40
1131,2,2.30
1132,2,2.15
1133,2,2.00
1134,2,1.80
1135,2,1.80
1136,2,2.45
1137,2,2.45
1138,2,2.45
1139,2,2.45
1140,2,2.50
1141,2,2.50
1142,2,2.60
1143,2,2.60
1144,2,2.65
1145,2,4.00
1146,2,0.75
1147,2,1.20
1148,2,1.35
1149,2,2.90
1150,2,3.15
1151,2,2.25
1152,2,2.40
1153,2,4.25
1154,2,2.50
1155,2,0.75
1156,2,1.70
1157,2,1.60
1158,2,1.55
1159,2,1.45
1160,2,1.45
1161,2,1.40
1162,2,1.35
1163,2,1.30
1164,2,1.30
1165,2,1.30
1166,2,1.15
1167,2,1.00
1168,2,0.75
1169,2,0.75
1170,2,0.75
1171,2,1.05
1172,2,1.35
1173,2,1.50
1174,2,2.30
1175,2,0.75
1176,2,2.40
1177,2,2.15
1178,2,2.20
1179,2,2.10
1180,2,1.90
1181,2,1.85
1182,2,1.70
1183,2,1.55
1184,2,1.35
1185,2,1.35
1186,2,2.00
1187,2,2.00
1188,2,2.00
1189,2,2.00
1190,2,2.05
1191,2,2.05
1192,2,2.10
1193,2,2.15
1194,2,2.20
1195,2,3.45
1196,2,1.65
1197,2,1.95
1198,2,2.05
1199,2,2.45
1200,2,2.70
1201,2,2.70
1202,2,2.80
1203,2,4.70
1204,2,2.95
1205,2,0.75
1206,2,2.15
1207,2,2.05
1208,2,2.00
1209,2,1.90
1210,2,1.90
1211,2,1.85
1212,2,1.80
1213,2,1.75
1214,2,1.75
1215,2,1.75
1216,2,1.65
1217,2,1.55
1218,2,1.45
1219,2,0.75
1220,2,1.50
1221,2,1.60
1222,2,1.80
1223,2,1.95
1224,2,0.75
1225,2,2.30
1226,2,2.85
1227,2,2.60
1228,2,2.65
1229,2,2.55
1230,2,2.35
1231,2,2.30
1232,2,2.15
1233,2,2.00
1234,2,1.80
1235,2,1.80
1236,2,2.45
1237,2,2.45
1238,2,2.45
1239,2,2.45
1240,2,2.50
1241,2,2.50
1242,2,2.55
1243,2,2.60
1244,2,2.65
1245,2,4.00
1246,2,2.10
1247,2,2.40
1248,2,2.50
1249,2,2.90
1250,2,3.15
1251,2,2.90
1252,2,3.00
1253,2,4.85
1254,2,3.10
1255,2,2.75
1256,2,2.15
1257,2,2.10
1258,2,2.00
1259,2,1.95
1260,2,1.90
1261,2,1.90
1262,2,1.90
1263,2,1.90
1264,2,1.90
1265,2,1.90
1266,2,1.95
1267,2,2.05
1268,2,2.15
1269,2,2.25
1270,2,2.40
1271,2,2.50
1272,2,2.70
1273,2,2.85
1274,2,2.40
1275,2,2.85
1276,2,2.30
1277,2,0.75
1278,2,2.80
1279,2,0.75
1280,2,0.75
1281,2,0.75
1282,2,1.45
1283,2,1.60
1284,2,1.85
1285,2,1.95
1286,2,2.60
1287,2,2.60
1288,2,2.60
1289,2,2.60
1290,2,2.65
1291,2,2.70
1292,2,2.75
1293,2,2.75
1294,2,2.80
1295,2,4.50
1296,2,3.00
1297,2,3.30
1298,2,3.40
1299,2,0.75
1300,2,0.75
1301,2,2.70
1302,2,2.75
1303,2,4.65
1304,2,2.90
1305,2,2.55
1306,2,1.95
1307,2,1.85
1308,2,1.80
1309,2,1.70
1310,2,1.70
1311,2,1.70
1312,2,1.70
1313,2,1.70
1314,2,1.70
1315,2,1.70
1316,2,1.75
1317,2,1.85
1318,2,1.95
1319,2,2.05
1320,2,2.15
1321,2,2.30
1322,2,2.50
1323,2,2.60
1324,2,2.15
1325,2,2.60
1326,2,0.75
1327,2,2.30
1328,2,2.60
1329,2,0.75
1330,2,0.75
1331,2,0.75
1332,2,1.20
1333,2,1.40
1334,2,1.65
1335,2,1.75
1336,2,2.40
1337,2,2.40
1338,2,2.40
1339,2,2.40
1340,2,2.45
1341,2,2.45
1342,2,2.55
1343,2,2.55
1344,2,2.60
1345,2,4.25
1346,2,2.80
1347,2,3.10
1348,2,3.20
1349,2,0.75
1350,2,1.35
1351,2,1.25
1352,2,1.25
1353,2,3.20
1354,2,1.50
1355,2,2.55
1356,2,2.05
1357,2,1.95
1358,2,1.90
1359,2,1.80
1360,2,1.80
1361,2,1.75
1362,2,1.70
1363,2,1.65
1364,2,1.65
1365,2,1.65
1366,2,1.80
1367,2,1.85
1368,2,2.00
1369,2,2.10
1370,2,2.20
1371,2,2.30
1372,2,2.50
1373,2,2.65
1374,2,2.20
1375,2,2.65
1376,2,2.80
1377,2,2.60
1378,2,2.30
1379,2,2.50
1380,2,2.35
1381,2,2.30
1382,2,2.15
1383,2,2.00
1384,2,1.75
1385,2,1.65
1386,2,1.45
1387,2,1.45
1388,2,1.45
1389,2,1.45
1390,2,1.35
1391,2,1.35
1392,2,1.25
1393,2,1.25
1394,2,1.25
1395,2,4.30
1396,2,2.85
1397,2,3.10
1398,2,3.20
1399,2,2.85
1400,2,3.15
1401,2,2.60
1402,2,2.70
1403,2,4.55
1404,2,2.85
1405,2,2.45
1406,2,1.85
1407,2,1.80
1408,2,1.70
1409,2,1.65
1410,2,1.60
1411,2,1.60
1412,2,1.60
1413,2,1.60
1414,2,1.60
1415,2,1.60
1416,2,1.70
1417,2,1.75
1418,2,1.85
1419,2,1.95
1420,2,2.10
1421,2,2.20
1422,2,2.40
1423,2,2.55
1424,2,2.10
1425,2,2.55
1426,2,0.75
1427,2,0.75
1428,2,2.50
1429,2,2.30
1430,2,0.75
1431,2,0.75
1432,2,0.75
1433,2,0.75
1434,2,1.55
1435,2,1.65
1436,2,2.35
1437,2,2.35
1438,2,2.35
1439,2,2.35
1440,2,2.35
1441,2,2.40
1442,2,2.45
1443,2,2.45
1444,2,2.55
1445,2,4.20
1446,2,2.70
1447,2,3.00
1448,2,3.10
1449,2,0.75
1450,2,1.40
1451,2,2.40
1452,2,2.55
1453,2,4.40
1454,2,2.65
1455,2,2.30
1456,2,1.70
1457,2,1.60
1458,2,1.55
1459,2,1.50
1460,2,1.45
1461,2,1.45
1462,2,1.45
1463,2,1.45
1464,2,1.45
1465,2,1.45
1466,2,1.50
1467,2,1.60
1468,2,1.70
1469,2,1.80
1470,2,1.95
1471,2,2.05
1472,2,2.25
1473,2,2.40
1474,2,1.90
1475,2,2.35
1476,2,0.75
1477,2,0.75
1478,2,2.35
1479,2,0.75
1480,2,2.30
1481,2,0.75
1482,2,0.75
1483,2,0.75
1484,2,1.40
1485,2,1.50
1486,2,2.15
1487,2,2.15
1488,2,2.15
1489,2,2.15
1490,2,2.20
1491,2,2.25
1492,2,2.30
1493,2,2.30
1494,2,2.35
1495,2,4.05
1496,2,2.55
1497,2,2.85
1498,2,2.95
1499,2,1.35
1500,2,1.55
1501,2,2.35
1502,2,2.45
1503,2,4.35
1504,2,2.60
1505,2,2.25
1506,2,1.65
1507,2,1.55
1508,2,1.50
1509,2,1.40
1510,2,1.40
1511,2,1.35
1512,2,1.35
1513,2,1.40
1514,2,1.40
1515,2,1.40
1516,2,1.45
1517,2,1.55
1518,2,1.65
1519,2,1.75
1520,2,1.85
1521,2,2.00
1522,2,2.15
1523,2,2.30
1524,2,1.85
1525,2,2.30
1526,2,0.75
1527,2,0.75
1528,2,2.30
1529,2,0.75
1530,2,0.75
1531,2,2.30
1532,2,0.75
1533,2,0.75
1534,2,1.25
1535,2,1.45
1536,2,2.10
1537,2,2.10
1538,2,2.10
1539,2,2.10
1540,2,2.15
1541,2,2.15
1542,2,2.20
1543,2,2.25
1544,2,2.30
1545,2,3.95
1546,2,2.50
1547,2,2.75
1548,2,2.90
1549,2,1.40
1550,2,1.65
1551,2,2.20
1552,2,2.30
1553,2,4.20
1554,2,2.45
1555,2,2.10
1556,2,1.50
1557,2,1.40
1558,2,1.35
1559,2,1.25
1560,2,1.25
1561,2,1.20
1562,2,1.15
1563,2,1.20
1564,2,1.20
1565,2,1.20
1566,2,1.30
1567,2,1.40
1568,2,1.50
1569,2,1.60
1570,2,1.70
1571,2,1.85
1572,2,2.00
1573,2,2.15
1574,2,1.70
1575,2,2.15
1576,2,1.45
1577,2,1.20
1578,2,2.15
1579,2,0.75
1580,2,0.75
1581,2,0.75
1582,2,2.30
1583,2,0.75
1584,2,1.05
1585,2,1.30
1586,2,1.95
1587,2,1.95
1588,2,1.95
1589,2,1.95
1590,2,2.00
1591,2,2.00
1592,2,2.10
1593,2,2.10
1594,2,2.15
1595,2,3.80
1596,2,2.35
1597,2,2.65
1598,2,2.75
1599,2,1.55
1600,2,1.80
1601,2,2.05
1602,2,2.15
1603,2,4.05
1604,2,2.30
1605,2,1.95
1606,2,1.35
1607,2,1.25
1608,2,1.15
1609,2,1.05
1610,2,1.00
1611,2,0.90
1612,2,0.75
1613,2,0.95
1614,2,0.95
1615,2,0.95
1616,2,1.10
1617,2,1.25
1618,2,1.35
1619,2,1.45
1620,2,1.55
1621,2,1.70
1622,2,1.85
1623,2,2.00
1624,2,1.55
1625,2,2.00
1626,2,1.60
1627,2,1.40
1628,2,2.00
1629,2,0.75
1630,2,0.75
1631,2,0.75
1632,2,0.75
1633,2,2.30
1634,2,0.75
1635,2,1.05
1636,2,1.80
1637,2,1.80
1638,2,1.80
1639,2,1.80
1640,2,1.85
1641,2,1.85
1642,2,1.90
1643,2,1.95
1644,2,2.00
1645,2,3.65
1646,2,2.20
1647,2,2.45
1648,2,2.60
1649,2,1.70
1650,2,1.95
1651,2,1.85
1652,2,1.95
1653,2,3.80
1654,2,2.10
1655,2,1.70
1656,2,1.10
1657,2,0.95
1658,2,0.85
1659,2,0.75
1660,2,0.75
1661,2,0.75
1662,2,0.75
1663,2,0.75
1664,2,0.75
1665,2,0.75
1666,2,0.80
1667,2,0.90
1668,2,1.10
1669,2,1.20
1670,2,1.35
1671,2,1.50
1672,2,1.65
1673,2,1.80
1674,2,1.35
1675,2,1.80
1676,2,1.85
1677,2,1.65
1678,2,1.75
1679,2,1.55
1680,2,1.40
1681,2,1.25
1682,2,1.05
1683,2,0.75
1684,2,2.30
1685,2,0.75
1686,2,1.55
1687,2,1.55
1688,2,1.55
1689,2,1.55
1690,2,1.60
1691,2,1.65
1692,2,1.70
1693,2,1.70
1694,2,1.80
1695,2,3.35
1696,2,2.00
1697,2,2.25
1698,2,2.40
1699,2,1.90
1700,2,2.15
1701,2,1.70
1702,2,1.80
1703,2,3.70
1704,2,1.95
1705,2,1.75
1706,2,1.20
1707,2,1.10
1708,2,0.95
1709,2,0.85
1710,2,0.80
1711,2,0.75
1712,2,0.75
1713,2,0.75
1714,2,0.75
1715,2,0.75
1716,2,0.75
1717,2,0.85
1718,2,1.05
1719,2,1.20
1720,2,1.35
1721,2,1.50
1722,2,1.65
1723,2,1.80
1724,2,1.35
1725,2,1.80
1726,2,1.95
1727,2,1.75
1728,2,1.65
1729,2,1.65
1730,2,1.50
1731,2,1.45
1732,2,1.30
1733,2,1.05
1734,2,0.75
1735,2,2.30
1736,2,1.25
1737,2,1.25
1738,2,1.25
1739,2,1.25
1740,2,1.35
1741,2,1.40
1742,2,1.50
1743,2,1.55
1744,2,1.65
1745,2,3.30
1746,2,2.00
1747,2,2.25
1748,2,2.40
1749,2,2.00
1750,2,2.30
1751,2,1.55
1752,2,1.70
1753,2,3.60
1754,2,1.85
1755,2,2.40
1756,2,1.85
1757,2,1.80
1758,2,1.70
1759,2,1.65
1760,2,1.60
1761,2,1.55
1762,2,1.45
1763,2,1.35
1764,2,1.35
1765,2,1.35
1766,2,1.55
1767,2,1.65
1768,2,1.80
1769,2,1.90
1770,2,2.00
1771,2,2.15
1772,2,2.30
1773,2,2.45
1774,2,2.00
1775,2,2.45
1776,2,2.60
1777,2,2.40
1778,2,1.45
1779,2,2.35
1780,2,2.15
1781,2,2.10
1782,2,1.95
1783,2,1.80
1784,2,1.55
1785,2,1.25
1786,2,2.30
1787,2,0.75
1788,2,0.75
1789,2,0.75
1790,2,0.75
1791,2,0.75
1792,2,0.75
1793,2,0.75
1794,2,1.30
1795,2,4.10
1796,2,2.65
1797,2,2.95
1798,2,3.05
1799,2,2.70
1800,2,2.95
1801,2,1.55
1802,2,1.70
1803,2,3.60
1804,2,1.85
1805,2,2.40
1806,2,1.85
1807,2,1.80
1808,2,1.70
1809,2,1.65
1810,2,1.60
1811,2,1.55
1812,2,1.45
1813,2,1.35
1814,2,1.35
1815,2,1.35
1816,2,1.55
1817,2,1.65
1818,2,1.80
1819,2,1.90
1820,2,2.00
1821,2,2.15
1822,2,2.30
1823,2,2.45
1824,2,2.00
1825,2,2.45
1826,2,2.60
1827,2,2.40
1828,2,1.45
1829,2,2.35
1830,2,2.15
1831,2,2.10
1832,2,1.95
1833,2,1.80
1834,2,1.55
1835,2,1.25
1836,2,0.75
1837,2,2.30
1838,2,0.75
1839,2,0.75
1840,2,0.75
1841,2,0.75
1842,2,0.75
1843,2,0.75
1844,2,1.30
1845,2,4.10
1846,2,2.65
1847,2,2.95
1848,2,3.05
1849,2,2.70
1850,2,2.95
1851,2,1.55
1852,2,1.70
1853,2,3.60
1854,2,1.85
1855,2,2.40
1856,2,1.85
1857,2,1.80
1858,2,1.70
1859,2,1.65
1860,2,1.60
1861,2,1.55
1862,2,1.45
1863,2,1.35
1864,2,1.35
1865,2,1.35
1866,2,1.55
1867,2,1.65
1868,2,1.80
1869,2,1.90
1870,2,2.00
1871,2,2.15
1872,2,2.30
1873,2,2.45
1874,2,2.00
1875,2,2.45
1876,2,2.60
1877,2,2.40
1878,2,1.45
1879,2,2.35
1880,2,2.15
1881,2,2.10
1882,2,1.95
1883,2,1.80
1884,2,1.55
1885,2,1.25
1886,2,0.75
1887,2,0.75
1888,2,2.30
1889,2,0.75
1890,2,0.75
1891,2,0.75
1892,2,0.75
1893,2,0.75
1894,2,1.30
1895,2,4.10
1896,2,2.65
1897,2,2.95
1898,2,3.05
1899,2,2.70
1900,2,2.95
1901,2,1.55
1902,2,1.70
1903,2,3.60
1904,2,1.85
1905,2,2.40
1906,2,1.85
1907,2,1.80
1908,2,1.70
1909,2,1.65
1910,2,1.60
1911,2,1.55
1912,2,1.45
1913,2,1.35
1914,2,1.35
1915,2,1.35
1916,2,1.55
1917,2,1.65
1918,2,1.80
1919,2,1.90
1920,2,2.00
1921,2,2.15
1922,2,2.30
1923,2,2.45
1924,2,2.00
1925,2,2.45
1926,2,2.60
1927,2,2.40
1928,2,1.45
1929,2,2.35
1930,2,2.15
1931,2,2.10
1932,2,1.95
1933,2,1.80
1934,2,1.55
1935,2,1.25
1936,2,0.75
1937,2,0.75
1938,2,0.75
1939,2,2.30
1940,2,0.75
1941,2,0.75
1942,2,0.75
1943,2,0.75
1944,2,1.30
1945,2,4.10
1946,2,2.65
1947,2,2.95
1948,2,3.05
1949,2,2.70
1950,2,2.95
1951,2,1.50
1952,2,1.65
1953,2,3.60
1954,2,1.85
1955,2,2.40
1956,2,1.90
1957,2,1.80
1958,2,1.75
1959,2,1.65
1960,2,1.65
1961,2,1.60
1962,2,1.50
1963,2,1.45
1964,2,1.45
1965,2,1.45
1966,2,1.65
1967,2,1.70
1968,2,1.85
1969,2,1.95
1970,2,2.05
1971,2,2.15
1972,2,2.35
1973,2,2.50
1974,2,2.05
1975,2,2.50
1976,2,2.65
1977,2,2.45
1978,2,1.35
1979,2,2.35
1980,2,2.20
1981,2,2.15
1982,2,2.00
1983,2,1.85
1984,2,1.60
1985,2,1.35
1986,2,0.75
1987,2,0.75
1988,2,0.75
1989,2,0.75
1990,2,2.30
1991,2,0.75
1992,2,0.75
1993,2,0.75
1994,2,1.20
1995,2,4.15
1996,2,2.70
1997,2,2.95
1998,2,3.05
1999,2,2.70
2000,2,3.00
2001,2,1.45
2002,2,1.60
2003,2,3.55
2004,2,1.80
2005,2,2.45
2006,2,1.95
2007,2,1.85
2008,2,1.75
2009,2,1.70
2010,2,1.65
2011,2,1.65
2012,2,1.55
2013,2,1.50
2014,2,1.50
2015,2,1.50
2016,2,1.65
2017,2,1.75
2018,2,1.85
2019,2,1.95
2020,2,2.05
2021,2,2.20
2022,2,2.40
2023,2,2.50
2024,2,2.05
2025,2,2.50
2026,2,2.70
2027,2,2.45
2028,2,1.35
2029,2,2.40
2030,2,2.25
2031,2,2.15
2032,2,2.00
2033,2,1.85
2034,2,1.65
2035,2,1.40
2036,2,0.75
2037,2,0.75
2038,2,0.75
2039,2,0.75
2040,2,0.75
2041,2,2.30
2042,2,0.75
2043,2,0.75
2044,2,1.20
2045,2,4.20
2046,2,2.70
2047,2,3.00
2048,2,3.10
2049,2,2.75
2050,2,3.00
2051,2,1.35
2052,2,1.50
2053,2,3.45
2054,2,1.70
2055,2,2.50
2056,2,1.95
2057,2,1.90
2058,2,1.85
2059,2,1.75
2060,2,1.70
2061,2,1.70
2062,2,1.65
2063,2,1.60
2064,2,1.60
2065,2,1.60
2066,2,1.70
2067,2,1.80
2068,2,1.90
2069,2,2.00
2070,2,2.10
2071,2,2.25
2072,2,2.45
2073,2,2.60
2074,2,2.10
2075,2,2.55
2076,2,2.75
2077,2,2.55
2078,2,1.25
2079,2,2.45
2080,2,2.30
2081,2,2.20
2082,2,2.10
2083,2,1.90
2084,2,1.70
2085,2,1.50
2086,2,0.75
2087,2,0.75
2088,2,0.75
2089,2,0.75
2090,2,0.75
2091,2,0.75
2092,2,2.30
2093,2,0.75
2094,2,1.20
2095,2,4.20
2096,2,2.75
2097,2,3.05
2098,2,3.15
2099,2,2.80
2100,2,3.05
2101,2,1.25
2102,2,1.45
2103,2,3.40
2104,2,1.65
2105,2,2.55
2106,2,2.00
2107,2,1.95
2108,2,1.85
2109,2,1.80
2110,2,1.75
2111,2,1.70
2112,2,1.65
2113,2,1.65
2114,2,1.65
2115,2,1.65
2116,2,1.75
2117,2,1.80
2118,2,1.95
2119,2,2.05
2120,2,2.15
2121,2,2.25
2122,2,2.45
2123,2,2.60
2124,2,2.15
2125,2,2.60
2126,2,2.75
2127,2,2.55
2128,2,1.25
2129,2,2.45
2130,2,2.30
2131,2,2.25
2132,2,2.10
2133,2,1.95
2134,2,1.70
2135,2,1.55
2136,2,0.75
2137,2,0.75
2138,2,0.75
2139,2,0.75
2140,2,0.75
2141,2,0.75
2142,2,0.75
2143,2,2.30
2144,2,1.20
2145,2,4.25
2146,2,2.75
2147,2,3.05
2148,2,3.15
2149,2,2.85
2150,2,3.10
2151,2,1.25
2152,2,1.25
2153,2,3.30
2154,2,1.55
2155,2,2.60
2156,2,2.05
2157,2,1.95
2158,2,1.90
2159,2,1.85
2160,2,1.80
2161,2,1.80
2162,2,1.70
2163,2,1.70
2164,2,1.70
2165,2,1.70
2166,2,1.80
2167,2,1.85
2168,2,2.00
2169,2,2.10
2170,2,2.20
2171,2,2.30
2172,2,2.55
2173,2,2.65
2174,2,2.20
2175,2,2.65
2176,2,2.80
2177,2,2.60
2178,2,1.25
2179,2,2.55
2180,2,2.35
2181,2,2.30
2182,2,2.15
2183,2,2.00
2184,2,1.80
2185,2,1.65
2186,2,1.30
2187,2,1.30
2188,2,1.30
2189,2,1.30
2190,2,1.20
2191,2,1.20
2192,2,1.20
2193,2,1.20
2194,2,2.30
2195,2,4.30
2196,2,2.85
2197,2,3.15
2198,2,3.20
2199,2,2.90
2200,2,3.15
2201,2,4.35
2202,2,4.50
2203,2,6.35
2204,2,4.60
2205,2,3.95
2206,2,3.80
2207,2,3.70
2208,2,3.65
2209,2,3.50
2210,2,3.45
2211,2,3.40
2212,2,3.30
2213,2,3.20
2214,2,3.20
2215,2,3.20
2216,2,3.20
2217,2,2.40
2218,2,3.20
2219,2,3.20
2220,2,3.45
2221,2,3.65
2222,2,3.90
2223,2,4.00
2224,2,3.45
2225,2,4.00
2226,2,4.50
2227,2,4.25
2228,2,4.30
2229,2,4.20
2230,2,4.05
2231,2,3.95
2232,2,3.80
2233,2,3.65
2234,2,3.35
2235,2,3.30
2236,2,4.10
2237,2,4.10
2238,2,4.10
2239,2,4.10
2240,2,4.15
2241,2,4.20
2242,2,4.20
2243,2,4.25
2244,2,4.30
2245,2,2.30
2246,2,4.20
2247,2,4.50
2248,2,4.60
2249,2,4.55
2250,2,4.80
2251,2,2.90
2252,2,3.00
2253,2,4.85
2254,2,3.15
2255,2,2.05
2256,2,2.30
2257,2,2.25
2258,2,2.15
2259,2,2.10
2260,2,2.10
2261,2,2.05
2262,2,2.00
2263,2,1.95
2264,2,1.95
2265,2,1.95
2266,2,1.85
2267,2,1.75
2268,2,1.65
2269,2,1.55
2270,2,1.45
2271,2,0.75
2272,2,0.75
2273,2,0.75
2274,2,1.65
2275,2,2.10
2276,2,3.00
2277,2,2.80
2278,2,2.85
2279,2,2.70
2280,2,2.55
2281,2,2.50
2282,2,2.35
2283,2,2.20
2284,2,2.00
2285,2,2.00
2286,2,2.65
2287,2,2.65
2288,2,2.65
2289,2,2.65
2290,2,2.70
2291,2,2.70
2292,2,2.75
2293,2,2.75
2294,2,2.85
2295,2,4.20
2296,2,2.30
2297,2,0.95
2298,2,1.10
2299,2,3.05
2300,2,3.30
2301,2,3.20
2302,2,3.30
2303,2,5.15
2304,2,3.45
2305,2,2.35
2306,2,2.60
2307,2,2.55
2308,2,2.45
2309,2,2.40
2310,2,2.35
2311,2,2.30
2312,2,2.25
2313,2,2.25
2314,2,2.25
2315,2,2.25
2316,2,2.15
2317,2,2.05
2318,2,1.95
2319,2,1.85
2320,2,1.70
2321,2,1.60
2322,2,1.40
2323,2,1.20
2324,2,1.95
2325,2,2.40
2326,2,3.30
2327,2,3.10
2328,2,3.10
2329,2,3.00
2330,2,2.85
2331,2,2.75
2332,2,2.65
2333,2,2.45
2334,2,2.25
2335,2,2.25
2336,2,2.95
2337,2,2.95
2338,2,2.95
2339,2,2.95
2340,2,2.95
2341,2,3.00
2342,2,3.05
2343,2,3.05
2344,2,3.15
2345,2,4.50
2346,2,0.95
2347,2,2.30
2348,2,0.75
2349,2,3.35
2350,2,3.60
2351,2,3.30
2352,2,3.40
2353,2,5.25
2354,2,3.50
2355,2,2.45
2356,2,2.70
2357,2,2.60
2358,2,2.55
2359,2,2.45
2360,2,2.45
2361,2,2.45
2362,2,2.40
2363,2,2.35
2364,2,2.35
2365,2,2.35
2366,2,2.25
2367,2,2.15
2368,2,2.05
2369,2,1.95
2370,2,1.85
2371,2,1.70
2372,2,1.50
2373,2,1.35
2374,2,2.05
2375,2,2.50
2376,2,3.40
2377,2,3.20
2378,2,3.20
2379,2,3.10
2380,2,2.95
2381,2,2.90
2382,2,2.75
2383,2,2.60
2384,2,2.40
2385,2,2.40
2386,2,3.05
2387,2,3.05
2388,2,3.05
2389,2,3.05
2390,2,3.05
2391,2,3.10
2392,2,3.15
2393,2,3.15
2394,2,3.20
2395,2,4.60
2396,2,1.10
2397,2,0.75
2398,2,2.30
2399,2,3.45
2400,2,3.70
2401,2,2.95
2402,2,3.05
2403,2,4.95
2404,2,3.20
2405,2,2.80
2406,2,2.25
2407,2,2.15
2408,2,2.10
2409,2,2.00
2410,2,1.95
2411,2,1.95
2412,2,1.95
2413,2,1.95
2414,2,1.95
2415,2,1.95
2416,2,2.05
2417,2,2.10
2418,2,2.25
2419,2,2.30
2420,2,2.45
2421,2,2.55
2422,2,2.75
2423,2,2.90
2424,2,2.45
2425,2,2.90
2426,2,0.75
2427,2,0.75
2428,2,2.85
2429,2,0.75
2430,2,1.35
2431,2,1.40
2432,2,1.55
2433,2,1.70
2434,2,1.90
2435,2,2.00
2436,2,2.70
2437,2,2.70
2438,2,2.70
2439,2,2.70
2440,2,2.70
2441,2,2.75
2442,2,2.80
2443,2,2.85
2444,2,2.90
2445,2,4.55
2446,2,3.05
2447,2,3.35
2448,2,3.45
2449,2,2.30
2450,2,0.75
2451,2,3.20
2452,2,3.30
2453,2,5.15
2454,2,3.45
2455,2,3.05
2456,2,2.45
2457,2,2.40
2458,2,2.30
2459,2,2.25
2460,2,2.25
2461,2,2.20
2462,2,2.20
2463,2,2.25
2464,2,2.25
2465,2,2.25
2466,2,2.30
2467,2,2.35
2468,2,2.50
2469,2,2.60
2470,2,2.70
2471,2,2.80
2472,2,3.00
2473,2,3.15
2474,2,2.70
2475,2,3.15
2476,2,0.75
2477,2,1.35
2478,2,3.15
2479,2,1.40
2480,2,1.55
2481,2,1.65
2482,2,1.80
2483,2,1.95
2484,2,2.15
2485,2,2.30
2486,2,2.95
2487,2,2.95
2488,2,2.95
2489,2,2.95
2490,2,3.00
2491,2,3.00
2492,2,3.05
2493,2,3.10
2494,2,3.15
2495,2,4.80
2496,2,3.30
2497,2,3.60
2498,2,3.70
2499,2,0.75
2500,2,2.30